,tas,rlut,rsut,rsdt
0,286.57703245144035,240.1249841448683,100.06536114850422,340.22249418742666
1,286.54473260671676,239.96489375350203,99.84984875824746,340.20581732667273
2,286.68269012900026,240.14389145565738,99.56365964406088,340.20352278153183
3,286.52888282339137,239.96505835147812,100.48881578578674,340.18862705939443
4,286.5125758802964,239.88567428122803,100.15744246317233,340.16088659709686
5,286.46004271309465,239.85886112314765,100.20755245252097,340.14462445913665
6,286.53670269811795,239.9371696261846,100.07985448762594,340.13841553666106
7,286.42357719644923,239.94602250298703,100.13133547601835,340.1487649070889
8,286.47847658399274,239.7388003575908,99.64044747396754,340.17802504304535
9,286.53006099024026,239.80286629030357,99.97818014285036,340.2056844842874
10,286.57135509035345,239.90218363923285,100.08279619218621,340.2295499986688
11,286.3432634794683,239.54410685854796,100.99655280089813,340.2254418542943
12,286.4492424107353,239.67014943114395,100.6045562607021,340.20430138331056
13,286.55787440000614,239.8597866413511,100.10586024173597,340.1899957284758
14,286.57399056524326,240.00421726622736,100.1012193306351,340.17317616510564
15,286.52398080645554,239.8910754790074,100.05811206229977,340.16552532906223
16,286.5718074106417,239.8843743888638,100.23359098561026,340.15958526476703
17,286.61254452892115,239.966484952221,99.87965929624153,340.1524942898926
18,286.60762701667653,239.93537252035347,100.25840019143776,340.165806377263
19,286.554833759621,239.7713404112824,100.32235472586085,340.20102337258635
20,286.49277225041556,239.8429767320115,99.90872364700535,340.200294957753
21,286.57785263926985,240.0592222004761,100.5518910672526,340.2248538389918
22,286.5407247566551,239.948015567407,100.30740041950287,340.2121932169436
23,286.58537629670667,239.8819619443024,100.28453452490275,340.2007425828659
24,286.47455454187576,239.67407293540464,100.4804625483607,340.1824258150313
25,286.49752332127395,239.78550126222203,100.1707834460962,340.1532943911762
26,286.51505053774247,239.57284528955597,100.06189815479468,340.1388683405652
27,286.50229054529694,239.7928204480232,100.01228337670085,340.12906492655526
28,286.637722750026,240.1172107834507,99.70854576984794,340.1194069578166
29,286.5842526095749,239.81516848190253,100.35772823633071,340.11891918723927
30,286.5437230705549,239.72293496937107,100.20222775176666,340.1430082310539
31,286.52330483496127,239.77795573209792,100.32095476819511,340.1810612649061
32,286.4886268480574,239.75582696909376,100.31879201525284,340.1717651333465
33,286.3460470832521,239.03287441121972,101.41959829757832,340.1715023580638
34,285.9980122599851,238.2603776200532,103.4434666640244,340.2151142303659
35,286.3354504110387,239.0120984792353,101.00893623527752,340.1861071555431
36,286.41247305969523,239.2771861642941,100.85831141665325,340.16145243664755
37,286.4326841960678,239.47383032118373,100.76612205359591,340.1392915502544
38,286.5752667235587,239.54410547954913,100.30966759434337,340.1263128015765
39,286.55483932026635,239.75784535713265,100.04918866074337,340.1255597763266
40,286.5159621339984,239.60950179359892,100.26766329931384,340.13062561134967
41,286.5299745428861,239.6113664441434,100.60451919638878,340.1763172942793
42,286.54375916065675,239.96841216701011,100.34682438653876,340.2151244189574
43,286.4494929802356,239.62038264019563,100.36261129810863,340.2559081634009
44,286.41384674470487,239.55598926530888,100.25967881144682,340.2841215934715
45,286.60329761778945,239.69869253329207,99.70594262815136,340.25773316323205
46,286.7383988370772,240.0082126991567,99.7695021364453,340.20930121158426
47,286.75235162757684,240.01825601651657,99.94471278770288,340.17817112349934
48,286.6486749979761,239.6316145767673,100.0137529571429,340.15590438767566
49,286.6334689295969,240.00787385955184,100.21515041993797,340.1452364894484
50,286.60253406027056,239.74154179551547,100.25995536193396,340.13315094773606
51,286.5922204450132,239.88026641042907,100.21763307871676,340.11512116099806
52,286.7168567374027,239.77972136850147,100.38458594722005,340.11722901096374
53,286.44056698761455,239.12415866318676,101.69247002098757,340.1473385813895
54,286.41265606646783,239.54312808836008,100.81394042028222,340.21477024685896
55,286.4930064375626,239.5811247467383,100.43624055936256,340.185000308664
56,286.45851824634104,239.4277372876489,100.27469362388312,340.2411077198914
57,286.5663159765729,239.69473648956526,100.74524828091313,340.2069321338493
58,286.47785627081345,239.5667354337245,100.4449617945374,340.2237548144642
59,286.5432244439942,239.5613893695485,100.60776794159528,340.1944198694682
60,286.51276193162386,239.41398673294756,100.36594101658558,340.17394395905734
61,286.6552731889969,239.6405666965055,100.08061073995385,340.138150350768
62,286.5720806940249,239.3697075637623,100.834976105397,340.1226232364041
63,286.5500941247185,239.47848698684768,101.33945038018902,340.1245765492375
64,286.24903323965754,239.15827938120913,101.04021772027522,340.1466605104029
65,286.4075221501375,239.32166089375542,100.10567061994061,340.2193649242676
66,286.4821719230881,239.51037716346727,100.46028186219995,340.2859580851239
67,286.4862679079087,239.46547815440746,100.40867538561803,340.3288390565477
68,286.6117468561116,239.60498706619083,100.17375234300857,340.3368607813997
69,286.786238253573,240.00045149525567,100.15193775738412,340.2734305596202
70,286.6866903260829,239.71669903669348,100.581697780428,340.2206307967636
71,286.58808779714593,239.55616146460954,100.43806872071683,340.18371657032793
72,286.6306357769305,239.40393667935305,100.398098500478,340.14726866455567
73,286.6091823355553,239.43681549059878,100.37431704815158,340.13377809512895
74,286.69488384176583,239.59650393733133,100.0860566621087,340.14778900441655
75,286.70324166272957,239.4660559624158,100.44706160963896,340.2033464804594
76,286.69904399623863,239.62250838664178,100.57488052898252,340.2269924805707
77,286.7355237125629,239.68416125557553,100.31232714671403,340.28741155919937
78,286.8140441314943,239.78424398633095,100.25340951976182,340.2636487467042
79,286.69425633556114,239.69520709925914,100.93064505016734,340.2576004272251
80,286.54079341974773,239.41690728293804,100.58305139451916,340.2355185904686
81,286.6114358361729,239.74899586261992,99.76447971576094,340.2087065347407
82,286.6400183249496,239.48342634711798,100.57960414528314,340.17515550226886
83,286.58048406943584,239.37760560556038,100.55023323176253,340.1595880445924
84,286.67453428247575,239.70755303274154,100.10641306469603,340.17155809084267
85,286.5744712313322,239.6468373439624,100.22024675397726,340.2240058430974
86,286.61740552047405,239.4307336634504,100.30408989041798,340.32158249270316
87,286.65942438425446,239.5512796306147,100.3767407282224,340.3392917920112
88,286.9058946253734,239.84855350536085,99.74474010933305,340.3225167405439
89,286.9109792961894,239.87183702916252,99.97556523899827,340.31375930477634
90,286.96022244822865,239.94462690676315,100.07256110396195,340.2836788133488
91,286.8448377945896,239.83648853535325,100.47495209950092,340.2522579766624
92,286.84949808390513,239.79763881569568,100.11413124603554,340.21788418855436
93,286.91617549370653,239.91773698494652,99.71043761335922,340.1804413750954
94,286.85007954281986,239.80120493501627,100.48337004812863,340.1867825195371
95,286.71986399586405,239.44500172522098,100.14491209035923,340.24619828998806
96,286.88675712375675,240.01248421372006,99.90361754150801,340.2879918388448
97,286.72074215722483,239.7049433059826,100.8065366970133,340.35840712488454
98,286.5843774206201,239.32896882407678,100.87779514414541,340.41617809617844
99,286.70118502884503,239.4134747856259,100.2763027792357,340.36425650864055
100,286.8957784160427,239.6924903761031,100.29531423787273,340.3215116273679
101,287.00839867407166,239.65855650721585,99.94781641758215,340.2302062004792
102,286.9431139963885,239.85966664192173,100.74228316054977,340.22645245075944
103,286.808267858253,239.40071393319826,100.42561123709861,340.19888003595923
104,286.8993406757099,239.63715554252056,100.45953870173541,340.1982686164219
105,286.77319747079395,239.77565875001736,100.52481375998316,340.2412387376767
106,286.7390444675662,239.48933454823273,100.34084916901794,340.35559770350164
107,286.7611140247102,239.60373038921992,100.45388570449934,340.46507005521494
108,286.6246055873493,239.28712718036923,101.01049028666085,340.48812966314733
109,286.78370142362525,239.3946436844044,100.45235282005545,340.42751377629725
110,286.9228553516153,239.73888084078615,100.17760721244194,340.3839467056487
111,286.88502974841407,239.53904597080046,100.40545496093405,340.30226998279824
112,286.87988855226524,239.51081095015925,100.78708757442165,340.23102392323506
113,286.8978979934066,239.07738596550112,102.2065189758983,340.20736033915995
114,286.7124163827378,239.04890327226965,101.55836381308104,340.1992510038868
115,286.69263325503715,238.88341586177384,101.43365615120352,340.20190003927263
116,286.6395568204741,239.10213369283346,101.11310363237197,340.2445488675112
117,286.4042827886536,238.75269168043835,101.55622791859473,340.30958614394
118,286.57551381104116,238.83617770371316,100.7736335422165,340.34155882256414
119,286.66831324050975,239.11497416298516,100.97928452041025,340.34568320471186
120,286.63259743863256,239.19225653108106,100.65185848192014,340.34862956725374
121,286.6782205651379,239.00937997359213,101.20863514991235,340.3063973031034
122,286.66568464760866,239.05581074405822,101.29933242471655,340.2958672049185
123,286.69024540364563,238.68021346643297,100.92814180103564,340.2424112883271
124,286.72066368465516,238.8334524306034,101.29936996815285,340.2137424322337
125,286.5781249992925,238.683339037519,101.44469688860443,340.214094621724
126,286.7955080760782,238.92330911610244,100.72512895692542,340.20633846232323
127,286.74180539605214,238.81500880287345,100.86525129559931,340.2506040309831
128,286.76506599609485,238.9121601659098,100.9726774260079,340.356422539382
129,286.80138461122755,238.81974871914193,100.84573452906243,340.4045310763828
130,286.94578298308966,239.0632761182239,100.68129070472139,340.4095548960275
131,286.84197961654854,238.9890928253184,100.9800741288076,340.41505640309816
132,286.82916024032903,238.89344439109553,101.47458045288847,340.33361248907147
133,286.77680244439665,238.28431477577192,101.7550603080814,340.33212817756464
134,286.9547763046729,238.5497189743162,100.76962104011851,340.2379425962926
135,287.1373049021955,239.04002756413487,100.75610040130009,340.19874317567536
136,287.19153270704675,239.1012604413204,100.66283255117033,340.20251099319654
137,287.0086678534246,239.02999431146807,100.74842650473721,340.2178937045317
138,287.0521089903259,239.15285437758098,100.2404410905102,340.3036585815384
139,287.1880229485931,239.13506419806177,100.3927203089334,340.41173999741244
140,287.25770587894914,238.94401729912445,100.21668983131269,340.4156426091766
141,287.2541183709741,238.88008102391663,101.66215687417188,340.4036715067604
142,286.9416880816977,237.7237768365785,103.15207929669951,340.3543726162098
143,287.03357951108785,238.31822719336068,101.7160200254621,340.2778606431606
144,287.09413926872077,238.6773643582334,100.80733942138602,340.21466777591485
145,287.29530654922235,238.9215855620057,100.14555157394364,340.20351074171907
146,287.31323486328984,238.9760377573947,99.93265371100016,340.17780103871945
147,287.2426544510451,238.89088964861386,100.67204767898204,340.2068338632924
148,287.2927867849307,239.13537380876707,100.06878648102911,340.287907620186
149,287.54727574147665,239.23715664648614,99.53074179811576,340.36503091157346
150,287.6710474039362,239.61932426423735,99.85707122183864,340.4024251386901
151,287.5869856370742,239.6727232753664,99.89962079530166,340.3934538406439
152,287.73026301568626,239.87643380886502,99.62080122210237,340.4047859953676
153,287.7291339076512,239.6786737687435,99.6939823850276,340.29705433860426
154,287.7735619992757,239.6482096877812,99.1577702687876,340.2373104772508
155,287.86730237445687,239.68526391336982,99.48593870535018,340.1904214073647
156,287.9434299505502,239.90882704658588,99.17800500816428,340.17592828425444
157,287.98727052017153,239.79606663455957,99.37142986511499,340.1502036132939
158,288.03262967493293,239.73216250896078,99.23916820598733,340.14682020610155
159,288.0864392281484,239.9774710549752,99.13711100646411,340.14439337945396
160,288.13211610062916,240.03352428038548,99.07597652255538,340.1862677756673
161,288.10106417530795,240.02012182289437,99.22185551001839,340.2403423914679
162,288.21809019130296,240.0185710930052,99.00994372729146,340.2859056584461
163,288.20843265022245,240.03708815769366,99.12377029751212,340.2934681159148
164,288.3768172214126,240.23522593858198,98.8044933441234,340.312814475678
