,tas,rlut,rsut,rsdt
0,287.9889286476942,240.66224631201135,97.85607483389522,338.2075322704315
1,287.94120456490765,240.42039572131856,98.33486007628956,338.2001570726523
2,287.97023982367074,240.40060127470562,98.01260522234047,338.1951484250618
3,287.942286200169,240.45538946846088,98.17279237805236,338.1824811090332
4,287.978374885149,240.40572622781863,98.1302291975959,338.1533160233467
5,287.94717684145024,240.40490735523997,98.42162592128813,338.1419205601258
6,287.8995616021794,240.43609152971092,98.31771056057265,338.1364830823241
7,287.90885821243904,240.27901242696296,98.12704308043074,338.1484216372644
8,288.01863559937266,240.83036813698675,97.7297344346227,338.17982080177865
9,287.9334045445885,240.4728594785489,98.60625539702123,338.2029901303687
10,288.0092619835292,240.3065192915426,97.76731032579231,338.22320710050644
11,288.03147061313433,240.57170000736707,98.90232450299106,338.2114489493465
12,287.9362537911407,240.33631505649842,98.5865697663315,338.19393249556305
13,287.9168110270307,240.30476587775368,98.29872812976168,338.1815592557012
14,288.06309915844565,240.56230441691113,98.17475607522157,338.1706927173966
15,288.0082773949527,240.37336097312723,97.81801476850495,338.16390591245545
16,288.070174168102,240.60090043746564,98.3097157754683,338.1497687187649
17,287.98307451028273,240.50798805012005,98.1800400806423,338.149496202823
18,287.93596336499644,240.1082818512391,98.49964704660567,338.16199694766357
19,288.02029378836875,240.43528926545594,97.90550266322477,338.19402919048053
20,287.96417439392206,240.40730038164625,98.42516689838747,338.19640402123053
21,288.0724787093253,240.64531497878036,97.86718716534675,338.2129784245233
22,287.9846217313609,240.56131511164074,98.70619971394768,338.2058291822719
23,287.9073323677624,240.34986744515967,97.90622409211801,338.18088842975135
24,288.05669490023496,240.7652325431569,98.23729954508616,338.17587445487305
25,287.9932153837551,240.45049275269332,98.4297917917682,338.14075251174603
26,287.94873185144917,240.41767281972224,98.44638124711734,338.1268481271031
27,287.8289574643209,240.17946606339208,98.85033611714654,338.12706854942735
28,287.8735530705158,240.22525886958235,98.37946403648452,338.1123350490377
29,287.93979181766736,240.44265274382428,98.55668501046938,338.11783043889574
30,287.7679327786378,239.95780435806554,98.45219178506748,338.1415664990875
31,287.8605938751742,240.33767757498,98.3242587361674,338.18147462590383
32,287.7511888437328,240.0382672029865,99.01971923923337,338.1611249862205
33,287.787281710823,239.97387335285262,99.06544937572346,338.1613876208915
34,287.46969912143146,239.5998880383614,101.1573261049765,338.21506330622987
35,287.6318048996771,240.00146406653212,99.09973192950548,338.17172794076896
36,287.6868834890149,239.65414644761236,98.56557494905071,338.15203068661543
37,287.6778904038169,239.89062009958067,98.74069929215125,338.13104763672203
38,287.65341972197183,239.78777853412782,98.76442386277064,338.1221354494782
39,287.8149822157408,240.2564158248832,98.00291967613744,338.11752771771194
40,287.7033244841757,240.0001887327319,99.15828989411017,338.1296310756896
41,287.6496233391926,239.61783494037306,98.90113184930266,338.170926594134
42,287.7314343778766,239.92392924085217,99.06457355323657,338.20985685672
43,287.6305961715737,239.79029291321208,98.83573574963441,338.2407881669862
44,287.68422343022365,239.72309017720252,98.59684514335555,338.2676743487523
45,287.7930651997561,239.91741226203308,98.86111553961685,338.2394564618591
46,287.7992397730159,240.04048048036165,98.47093641640045,338.1827231374646
47,287.7779464787071,239.77005461117415,98.70505258167778,338.1639397262932
48,287.7963472228724,239.99504287172792,98.61382030302963,338.1497791113015
49,287.6344300930303,239.70746630911347,99.08623085831677,338.1258853845348
50,287.76437188257097,239.88556259170525,98.08925839745193,338.12219843907167
51,287.702717014818,239.86621123892135,98.69517176455565,338.1023892771878
52,287.7646757575995,239.89488880564468,98.61925863003312,338.1074052228088
53,287.7267736345887,239.6819932860973,99.61745469482122,338.14556080584833
54,287.82489176223504,240.082701393928,98.75663562983773,338.2040616846029
55,287.8768390552911,240.0091368301256,98.48785604234682,338.16940785209465
56,287.86247286640815,239.9451881892367,98.58975383964672,338.22017080958966
57,287.834940420545,239.9798266121306,98.9312033449816,338.19184811772266
58,287.87211557347496,239.82447530278046,98.22873539855608,338.1980654730788
59,287.9760174644437,240.1632154015388,98.52030631115537,338.18344047528717
60,287.86637538645334,239.88181605365745,98.75130348424358,338.1462339501408
61,287.96291698564943,240.19182050803764,98.10871422508204,338.1184486420672
62,287.7579098329854,239.5441480891227,99.41631010124765,338.10817302717874
63,287.83836865188954,239.86526629896437,98.8896187028184,338.109263876445
64,287.86191671695656,239.97868142098767,99.05560254695706,338.1375176867319
65,287.8310724083092,239.57761479812464,98.46795699407073,338.21346263430775
66,287.8833962325158,240.2304413527198,98.92492599702956,338.2715515879187
67,287.8550103100898,239.82123933585635,98.70681395875232,338.3004952133581
68,287.97693545929866,240.08923175353894,98.48136886283355,338.3132097249479
69,287.90920676021625,239.8556619256017,98.48985771567034,338.24160438138165
70,287.8962428221924,239.6855482002156,98.73862576774856,338.20085267303034
71,287.97516962466767,240.02155207359957,98.61902826240787,338.15630444174076
72,287.9043815805406,240.00872563965515,99.28972108852088,338.1246896442702
73,287.97855752079766,239.83678698008032,98.26135288362968,338.12346383822074
74,287.89825665632435,239.96202919682727,98.83905071178566,338.1339456213531
75,287.8982021300538,239.65914183672353,98.9862165449202,338.16542093418735
76,288.017249446073,239.95909365949265,98.29835748360925,338.2229461444787
77,288.01487961767947,240.16121018533025,99.03015484672068,338.26414981888814
78,287.97737421178374,240.15138088890467,98.24250649579822,338.2429200639063
79,287.99579796545066,239.9532573149527,98.79370441318629,338.2205394257953
80,287.958917168517,239.96903411599166,99.05771805951161,338.2250985097235
81,287.9545867871008,240.0615322285635,98.43263966975992,338.1818173495279
82,287.9242543798944,239.66602223877715,99.14689235795902,338.1509932485389
83,287.93258161327367,239.68736158585793,98.62826435558168,338.14182129436995
84,287.84481148358947,239.62378151368776,98.87846438435052,338.15387416999397
85,287.91951652774793,240.00024837409094,99.03506405973053,338.20709783723055
86,287.78213112203065,239.57357820363754,99.29861919655208,338.313363160945
87,287.8439040288396,239.61518697110947,98.49254510495297,338.30727800494657
88,287.9749235311814,239.95453716404745,98.83266998320006,338.3014025112075
89,287.8722320450919,239.69216381017304,98.77681495374007,338.2823261110661
90,287.9044570041903,239.8048236862384,99.16557949733497,338.25615697211373
91,287.9337379436691,239.78257569993852,98.66311608427945,338.2278292889696
92,287.90876743759185,239.92836472747456,99.5901651441195,338.19426191828836
93,287.7747460954666,239.50013042650403,98.66127970602123,338.15678458513645
94,288.0118558405649,239.74524859389086,98.55028619335172,338.17643631613436
95,287.9015407465451,239.62620199667728,98.82977849851109,338.23648160882743
96,287.97716159090413,239.9537404406357,98.94503439317867,338.2694850203491
97,287.9562234023218,239.72694857077616,98.96602137836855,338.35616456926994
98,287.95333795865037,239.81489934870868,98.94115552532249,338.3739906204226
99,288.037115226292,240.01115621480866,98.87688105116558,338.3517299452762
100,287.9998464537609,239.76150457213097,99.26594903398347,338.28611185739794
101,288.04356224238285,239.82172302105778,98.2527521470688,338.2108401450999
102,288.15333745835386,240.03425721236079,98.65259052476738,338.2074658312644
103,288.0140876073608,239.76049013667523,98.54317548707876,338.19210139623175
104,288.05301893114637,239.9266865691218,98.29960118976699,338.1859633418273
105,288.0213704916715,239.75942607728996,99.04570354139675,338.2387579176862
106,288.1531138529978,239.85383597477258,98.2155517451859,338.3571349863947
107,288.2103604220205,240.0977683071311,98.74887745849226,338.44466234468103
108,288.2359724635319,239.9807594383084,98.44274432935053,338.45668116033335
109,288.161619279068,240.09087518376757,98.92790464975519,338.40169909676297
110,288.10301585897116,239.74180593621534,98.63619655732236,338.3668534326428
111,288.23918898255187,240.04450929869742,98.73572461114723,338.27605983047675
112,288.09733131133044,239.66667558700718,99.00476848150964,338.2216235313552
113,288.07437200897897,239.7875802224854,100.45498891582606,338.20235484523715
114,287.8119815269613,239.31108100074087,99.7492428835663,338.19880988210156
115,287.9057345383078,239.39489114222098,99.07369666273591,338.20748164781355
116,288.0152692480659,239.42224942055384,99.10187528690876,338.25367262636394
117,287.94580578153216,239.31525781166508,99.02150205118511,338.31481700627654
118,288.0409126972039,239.41873468336007,99.15384546590268,338.34036491977434
119,288.03990108865287,239.62481772558863,99.33733595188262,338.3436527559559
120,288.0140615543996,239.43900096462949,99.00896093365564,338.34974003202944
121,288.1818672840644,239.78569140670007,98.80145688017255,338.29749653453905
122,288.06222621410274,239.47906434818447,99.20965189041623,338.30326821122844
123,288.1485453936074,239.6063765653909,98.70175784019482,338.24965107278507
124,288.1385744085921,239.48363231433436,99.96884022367787,338.2300682001802
125,287.9919929740203,239.1317173047787,99.42809657010396,338.2329410396337
126,288.00774461538464,239.17457295063602,99.42119705561491,338.23614557740126
127,288.0798005058616,239.0825087911468,99.40080839702888,338.29576233075494
128,288.2267092520506,239.42367151216413,99.11486168058896,338.38143264347144
129,288.16201429479423,239.4200070826091,99.9005292244373,338.45452219918803
130,288.03604942993894,239.03042136403027,99.37078460163735,338.4370008818565
131,288.1811539417041,239.2974198822086,99.37621797946254,338.4461405935255
132,288.1080717863863,239.24369238042448,99.82627893122066,338.3673523385432
133,288.0431078425001,239.30884987761792,99.59071479457475,338.3723154711391
134,288.08360337540654,239.18124615844854,99.62901120328992,338.29089902471304
135,288.1429420595699,239.07505761873844,99.24739636584128,338.2663311076307
136,288.1108899215704,238.9184268743751,99.62296022370269,338.2771026846153
137,288.1491193924858,238.9155786368439,99.76195556524847,338.2996539456264
138,288.01675753277044,238.46683995544322,99.7268274904027,338.3845578071151
139,288.20953683991576,239.02112378905485,99.18543442795708,338.5036492910638
140,288.3537831188592,239.05938005911648,99.43269643214437,338.46873013303457
141,288.38471750528726,239.27929574535224,100.3447271034758,338.488457445905
142,288.01663305164595,238.64834413748233,101.15527805465037,338.4469361862079
143,288.23584682786844,238.9980386266213,99.87913264052357,338.36236513604695
144,288.2755548963472,238.9028578792761,99.73871363762747,338.32076290432707
145,288.3393273811111,238.82683412610163,99.28719612545059,338.3103856578463
146,288.4213697665908,238.83017602638878,99.2688618590712,338.2848954325306
147,288.557036706548,239.32615552447157,98.45514753166431,338.3175015087092
148,288.57549864156357,239.20061621094348,98.4152555473615,338.4073484941246
149,288.7166932168996,239.61178129993152,98.99565143819375,338.4646109274726
150,288.6242900724207,239.37905507275772,98.81805774126455,338.51328798974515
151,288.651578427996,239.43477147060307,99.09173941434655,338.48919300757785
152,288.5934366496552,239.10785298410647,98.52154762237495,338.48284826029993
153,288.82731173731344,239.37036750628147,98.9169865267832,338.36586523724196
154,288.80773279030495,239.57964234660983,98.86303504737425,338.3185714020645
155,288.90486340966095,239.48154756896574,98.27132974652051,338.2770668164384
156,288.87055043963096,239.77405858980208,99.0140348498121,338.25702818043766
157,288.79921618758993,239.5159286571234,98.47866856609545,338.238214944611
158,288.7415525909557,239.3351430436055,99.18584073627869,338.2271539119921
159,288.7251160160827,239.10132654871984,98.8307603814206,338.2303871344688
160,288.67728441310413,239.26323461632566,99.0545678995412,338.26420307225095
161,288.7536550843137,239.3316539349354,98.39393944563818,338.333633389824
162,288.96569211180764,239.6227554569151,98.5275443148822,338.3488008758886
163,288.9352405888949,239.73435953155555,98.47708115467653,338.3625935062267
164,289.0573321445,239.9906603793676,98.08686892554017,338.379692405645
