,tas,rlut,rsut,rsdt
0,286.94795279370055,241.78949525268436,98.9779603800266,340.32595736693366
1,286.69278666510866,241.18457720281103,99.29627023074825,340.32595736693366
2,286.70780466832184,240.87778734023516,98.93228741691507,340.32595736693366
3,286.788592182419,241.256573618684,99.2180709296789,340.32595736693366
4,286.6878977716176,241.09300390340562,99.23811990342163,340.32595736693366
5,286.72764539650757,241.14642124805894,99.25316639816786,340.32595736693366
6,286.7072457589895,241.21864547242367,99.34518730647096,340.32595736693366
7,286.53414323629204,240.87563464704945,99.18434221848713,340.32595736693366
8,286.52507837901504,240.8135480554797,99.68554225836989,340.32595736693366
9,286.5031908218796,240.70042648333535,99.47722125565498,340.32595736693366
10,286.53887186543096,240.90118982651143,99.4633863617595,340.32595736693366
11,286.61885031673165,241.06273667427456,99.34719409909637,340.32595736693366
12,286.5697102255643,241.04097966672796,99.69922351684433,340.32595736693366
13,286.6636296364882,241.07821171172444,99.24830603610786,340.32595736693366
14,286.72409794055176,241.31919430154107,99.11762655000558,340.32595736693366
15,286.5996640857416,241.05350936231847,99.43009210947878,340.32595736693366
16,286.53966639544154,241.02771982198206,99.68904969789547,340.32595736693366
17,286.4097421712514,240.28297124664587,99.7300106571791,340.32595736693366
18,286.58606233141387,241.00976485017452,99.48105684249174,340.32595736693366
19,286.61841451434503,241.11179838583908,99.60324139636272,340.32595736693366
20,286.47721992749973,240.6245596220007,99.3988428030363,340.32595736693366
21,286.56847740581276,240.57086548738945,99.35673378083972,340.32595736693366
22,286.6943485878216,241.06100535646928,99.35691955965221,340.32595736693366
23,286.72702013297345,241.38502740445983,99.1484267878784,340.32595736693366
24,286.74741773146997,241.48490447347558,99.44243921356103,340.32595736693366
25,286.549158777461,240.88957546456527,99.44275061652631,340.32595736693366
26,286.56773318511995,240.61903254286736,99.23080895701378,340.32595736693366
27,286.6011747231177,240.8945122766751,99.38249556869728,340.32595736693366
28,286.5784547727808,240.8682458621553,99.3340543958305,340.32595736693366
29,286.60145532232053,240.79531394313892,99.31285758212537,340.32595736693366
30,286.63145083586136,241.01793080089047,99.50626845504512,340.32595736693366
31,286.56471621976306,241.03984119289092,99.54001791362788,340.32595736693366
32,286.5018579169203,240.72318028131053,99.41885246571938,340.32595736693366
33,286.5820506247331,240.9522917369712,99.1850163661337,340.32595736693366
34,286.61640749927966,241.11360789200293,99.5912643994331,340.32595736693366
35,286.7188502570463,241.16545626710123,99.14232501820162,340.32595736693366
36,286.6965549104006,241.1803930499918,99.16125223793243,340.32595736693366
37,286.6211334464853,241.1534759995366,99.13275520010053,340.32595736693366
38,286.75764708348476,241.41482691273737,99.14558449213332,340.32595736693366
39,286.5415513983866,240.86812145932493,99.3928065727426,340.32595736693366
40,286.3903087386511,240.47380223026457,100.00719083267536,340.32595736693366
41,286.4749573383687,240.68305002077685,99.68321255266828,340.32595736693366
42,286.48702652506336,240.83243113387869,99.57740158359606,340.32595736693366
43,286.5595774294298,241.02149805227543,99.39870123170725,340.32595736693366
44,286.49900155903254,240.99755376941047,99.70713368717917,340.32595736693366
45,286.42721179934694,240.7150347524521,99.38395471723045,340.32595736693366
46,286.5800209151426,241.04185576268083,99.50883840222748,340.32595736693366
47,286.4325979621111,240.9454051690526,99.84186452761469,340.32595736693366
48,286.4262606863934,240.66339764933903,99.96131255730171,340.32595736693366
49,286.32482459495367,240.16317394945426,99.64266530072582,340.32595736693366
50,286.39462647928275,240.11078419524338,99.68306096361084,340.32595736693366
51,286.6731676356415,241.11849729226037,99.39921269437697,340.32595736693366
52,286.59355954968277,240.91996883804669,99.25734932752049,340.32595736693366
53,286.6642764774328,241.10680851157872,99.29036576576766,340.32595736693366
54,286.6963285332881,241.12499855463213,99.53128660343116,340.32595736693366
55,286.5700346774858,240.83682562605213,99.27738037397408,340.32595736693366
56,286.57319182681584,240.8002585119655,99.77291507054757,340.32595736693366
57,286.50629232169734,240.74737391145183,99.54795432528846,340.32595736693366
58,286.5512086782777,240.97951477295885,99.33591857336808,340.32595736693366
59,286.56667617818476,240.92402313152198,99.70655644359213,340.32595736693366
60,286.3479352271842,240.44278989019537,99.88726741432335,340.32595736693366
61,286.3968406678348,240.63352538595504,99.54415802512695,340.32595736693366
62,286.4395977547445,240.8984671883192,100.00857761332263,340.32595736693366
63,286.4315218103166,240.36946693413972,99.57459788034227,340.32595736693366
64,286.5654680828688,240.9241363025479,99.45732830154513,340.32595736693366
65,286.5394700392779,240.98339953116135,99.5262675033224,340.32595736693366
66,286.4838989509326,240.90998123797814,99.657062519909,340.32595736693366
67,286.35490003166154,240.49827297348926,99.70258617555974,340.32595736693366
68,286.37817519153515,240.5036378351781,99.57217680620526,340.32595736693366
69,286.3838313391154,240.42874224269363,99.67509099204337,340.32595736693366
70,286.47723064771117,240.68535923945925,99.56558580081214,340.32595736693366
71,286.4941653081722,240.82146137071075,99.88204142744904,340.32595736693366
72,286.65409928016254,240.82142770297276,99.35128093671818,340.32595736693366
73,286.603724630985,241.11161941204207,99.47731446037808,340.32595736693366
74,286.5590975262833,240.65894914117317,99.4599238593653,340.32595736693366
75,286.4747837055552,240.6538835536759,99.55240296212766,340.32595736693366
76,286.5373057109174,241.01174752067243,99.15958719630765,340.32595736693366
77,286.60159195340117,241.42098954004982,99.37467568556572,340.32595736693366
78,286.47547011591615,240.6391802354561,99.52746233167449,340.32595736693366
79,286.5234386146297,240.76315511569274,99.33077363846196,340.32595736693366
80,286.5297958191513,240.4939628279751,99.33544606644993,340.32595736693366
81,286.61024387935765,241.1756135872422,99.28114651338107,340.32595736693366
82,286.7226641680833,241.20223466865878,99.13848799642328,340.32595736693366
83,286.577943871722,241.0040163808775,99.48465414616084,340.32595736693366
84,286.44473627657936,240.51158990945146,99.53430128932926,340.32595736693366
85,286.3974766389812,240.54527577756346,99.65496196695511,340.32595736693366
86,286.48353955320715,240.68773344070146,99.81375412452896,340.32595736693366
87,286.4149844963948,240.52025497963618,99.6880429659829,340.32595736693366
88,286.42734579185515,240.58861940980967,99.69399846174322,340.32595736693366
89,286.42499159337314,240.567627640335,99.65628110991908,340.32595736693366
90,286.30193462801907,240.63172170254677,100.19176778946895,340.32595736693366
91,286.17254199794723,240.19387104538808,100.0141267115888,340.32595736693366
92,286.2284943090909,240.09160949873126,99.94703751296659,340.32595736693366
93,286.39994928359727,240.65890670560168,99.75841632948804,340.32595736693366
94,286.3816915446799,240.29345813371444,99.70344710468777,340.32595736693366
95,286.4718737608406,240.57002071795162,99.37215699770651,340.32595736693366
96,286.6115496472202,241.03498208337354,99.16524328536836,340.32595736693366
97,286.6549751971181,241.00107667081804,98.74686329604673,340.32595736693366
98,286.84597655827685,241.7655634121072,98.89694262018548,340.32595736693366
99,286.60092159533434,240.97709095487642,99.27810009419902,340.32595736693366
100,286.49610395692133,240.7520514853032,99.45716246865551,340.32595736693366
101,286.5329396427131,240.8743404994449,99.70444737247131,340.32595736693366
102,286.54729411773434,240.87599682055497,99.36792287177163,340.32595736693366
103,286.42146302081966,240.72391181695863,99.91057532262045,340.32595736693366
104,286.5154036230966,240.9261756983743,99.40576652342799,340.32595736693366
105,286.6380586207499,240.9750709728903,99.34850545934874,340.32595736693366
106,286.717063279045,241.1486512730179,99.45340867478357,340.32595736693366
107,286.4717623378156,240.56241028371323,99.4897559488047,340.32595736693366
108,286.5269052150251,240.60470095821927,99.70039612742191,340.32595736693366
109,286.57512889671193,240.7319161892921,98.9460893598246,340.32595736693366
110,286.5981276817865,240.93774002814519,99.30474689369653,340.32595736693366
111,286.76596964411533,241.62533023361152,99.02332670288637,340.32595736693366
112,286.6325981245364,241.23116541938782,99.34631857139992,340.32595736693366
113,286.4827242681206,240.80587471265403,99.54643761372616,340.32595736693366
114,286.5880093362901,240.6122739606761,99.16836992069047,340.32595736693366
115,286.57861206264187,240.9130332021191,99.33218299750051,340.32595736693366
116,286.6269467214086,240.95180587811737,99.58564455556426,340.32595736693366
117,286.5840383114591,241.0437233536944,99.2938220155823,340.32595736693366
118,286.5126673435312,240.67305461653805,99.33795398763625,340.32595736693366
119,286.66150654045435,241.1517616955058,99.3578907919704,340.32595736693366
120,286.6623232802888,241.10274197214764,99.04122141405195,340.32595736693366
121,286.72899049890145,241.3467911018624,99.36315035357684,340.32595736693366
122,286.51381742205155,240.64218125621468,99.48053968991331,340.32595736693366
123,286.530772533829,240.65217277893893,99.63435691475973,340.32595736693366
124,286.60537252885416,240.89307959995008,99.37124337182966,340.32595736693366
125,286.52361175594746,240.99397469253594,99.49848257543847,340.32595736693366
126,286.5275040172499,240.81509552679515,99.56239292735245,340.32595736693366
127,286.53758685652997,240.97432043625727,99.41929341203524,340.32595736693366
128,286.53460484526187,241.0649662983818,99.54784384924436,340.32595736693366
129,286.4446199579727,240.5351789182488,99.73281092511161,340.32595736693366
130,286.5244835691383,240.8409614118765,99.35136439194314,340.32595736693366
131,286.615887493961,240.93663045920752,99.26293286021489,340.32595736693366
132,286.60828675280305,241.06146218894034,99.56168863822415,340.32595736693366
133,286.6386111180537,240.88181454848367,99.23770204551941,340.32595736693366
134,286.60135794630725,241.23635400754108,99.24186398366618,340.32595736693366
135,286.5211042528811,240.75721389437547,99.41472847535881,340.32595736693366
136,286.48281981290955,240.7511728439373,99.51028675610746,340.32595736693366
137,286.47037816197854,240.64154968100118,99.62219145686761,340.32595736693366
138,286.4537263297263,240.57696101128593,99.76770127091031,340.32595736693366
139,286.5829510930127,240.85019736254148,99.57375918180469,340.32595736693366
140,286.6152983777152,241.0352511082876,99.30933132965646,340.32595736693366
141,286.45926036430166,240.70788426522938,99.76453583637904,340.32595736693366
142,286.4677027771999,240.53908758646818,99.40588619987453,340.32595736693366
143,286.59287027664516,240.86629860906774,99.39637487304735,340.32595736693366
144,286.5830707966427,241.02454207736093,99.45270659012772,340.32595736693366
145,286.6337283592688,241.1662165190205,99.28138930419185,340.32595736693366
146,286.54029292604105,240.90061344312264,99.28094052097799,340.32595736693366
147,286.4576172013446,241.02169727575438,99.62310378323042,340.32595736693366
148,286.50920587796173,240.63007729188553,99.45932040959303,340.32595736693366
149,286.58056485333486,240.95210299136605,99.34257938984571,340.32595736693366
150,286.6137037224443,241.13178944203955,99.58821842241014,340.32595736693366
151,286.50314984658456,240.84410397014994,99.51233334171782,340.32595736693366
152,286.5609300683768,240.9611765073089,99.1435036226044,340.32595736693366
153,286.5897761800749,240.8499315128075,99.43717600413815,340.32595736693366
154,286.5412126518476,241.0042523729604,99.62470106175999,340.32595736693366
155,286.5311206576619,240.74811371930227,99.52427729582676,340.32595736693366
156,286.5203353266884,240.84229335114955,99.64082826096542,340.32595736693366
157,286.63269515372184,241.40607256702518,99.43434803589685,340.32595736693366
158,286.4391524749396,240.70317072441776,99.79100323077178,340.32595736693366
159,286.24797623347587,240.25776703564338,100.42788270276169,340.32595736693366
160,286.2092314610192,239.99432467711176,99.82501612906005,340.32595736693366
161,286.41189725531234,240.50893751341133,99.57333783407493,340.32595736693366
162,286.4391517002108,240.66664522271716,99.6213279259323,340.32595736693366
163,286.50770671001817,240.6006722990475,99.5596634941901,340.32595736693366
164,286.5532004590206,241.06099775329014,99.47568159485206,340.32595736693366
165,286.5581982745261,240.92776117667196,99.36592643957096,340.32595736693366
166,286.4793956006688,240.91271041226858,99.68053310077539,340.32595736693366
167,286.4930081254578,240.77939746748936,99.6330111830943,340.32595736693366
168,286.4306062218143,240.5471714314713,99.5448727179817,340.32595736693366
169,286.43479494604844,240.52656325016184,99.73071285152741,340.32595736693366
170,286.42989945304885,240.51573923666774,99.66874074725075,340.32595736693366
171,286.47150591858605,240.81773984741218,99.68577267620259,340.32595736693366
172,286.44440858816415,240.800642449698,99.81531949363102,340.32595736693366
173,286.40789913731516,240.38953612505495,99.97967404050684,340.32595736693366
174,286.49472217709376,240.55834020731075,99.40812709867406,340.32595736693366
175,286.5230453794464,241.03410876737317,99.91604049593924,340.32595736693366
176,286.3784956316271,240.2741114260722,99.881913724975,340.32595736693366
177,286.47874743537585,240.55332200171065,99.37660843184354,340.32595736693366
178,286.5187971012222,240.64589312437434,99.54905546176182,340.32595736693366
179,286.4774192989471,240.68005860669828,99.58144235234137,340.32595736693366
180,286.39447091172474,240.1605980164953,99.52526228458949,340.32595736693366
181,286.61254827130784,240.71360136679718,99.20578291031393,340.32595736693366
182,286.67592842101266,241.47043465014224,99.31579204132159,340.32595736693366
183,286.54486241051353,240.932514283602,99.41493298020589,340.32595736693366
184,286.4694117776587,240.56943971822952,99.50236745079087,340.32595736693366
185,286.4978648264716,240.72851163236137,99.44263598630306,340.32595736693366
186,286.55525525031453,240.78275036324908,99.26882315138688,340.32595736693366
187,286.65357521384476,241.00480790142853,99.41790995681775,340.32595736693366
188,286.7464541588737,241.26395904171352,99.32602204242208,340.32595736693366
189,286.4707817747413,240.65079948874885,99.66083549883724,340.32595736693366
190,286.45845306815085,240.6904296408405,99.773619833013,340.32595736693366
191,286.48494465232,240.5680035893491,99.64866342569822,340.32595736693366
192,286.5447570201268,240.8891845816473,99.35547598951696,340.32595736693366
193,286.45388902055885,240.64745478043176,99.59216143958865,340.32595736693366
194,286.4598665118665,240.47348151531776,99.47274131598523,340.32595736693366
195,286.6992205425167,241.40850860167563,99.06044314916691,340.32595736693366
196,286.56421722289014,240.99320029401665,99.95820490111034,340.32595736693366
197,286.4916279651003,240.6092646108442,99.25497679337587,340.32595736693366
198,286.7160206471965,241.25781928863663,99.32394129972296,340.32595736693366
199,286.5770643172198,241.03136097573886,99.47245069448502,340.32595736693366
200,286.6254235571902,241.1793603911417,99.59429884514043,340.32595736693366
201,286.4555090706768,240.83314129066787,99.6287736761427,340.32595736693366
202,286.3781594089134,240.64995666525286,99.6646673039134,340.32595736693366
203,286.33192274890484,240.29566320004344,99.81135764724655,340.32595736693366
204,286.4663292609619,240.77774878460718,99.41770235803573,340.32595736693366
205,286.3591768300176,240.54825527119422,100.11286201142387,340.32595736693366
206,286.259955306329,240.20026548118847,99.9962193648488,340.32595736693366
207,286.4984058224263,240.79489211167808,99.46640070322921,340.32595736693366
208,286.631750326339,241.11674138172236,99.39577500166138,340.32595736693366
209,286.5892383576159,241.03404191879338,99.33499914939658,340.32595736693366
210,286.528836968116,240.85278947912727,99.32934580536202,340.32595736693366
211,286.61407420751465,241.16492048158406,99.2276012341514,340.32595736693366
212,286.6431028321025,241.1787577970268,99.6802578407589,340.32595736693366
213,286.4351035838597,240.43658232529324,99.46307922712089,340.32595736693366
214,286.54682951964156,240.4253432806332,99.5010102973106,340.32595736693366
215,286.6440773551625,241.24798468516363,99.56293278033782,340.32595736693366
216,286.51963685627544,240.92915306304562,99.6810896542039,340.32595736693366
217,286.50396360356996,240.69179394541592,99.44594568992346,340.32595736693366
218,286.43968040336756,240.52110704622092,99.63929732260324,340.32595736693366
219,286.53905960976766,240.83743774338916,99.11994210572196,340.32595736693366
220,286.62530304191034,241.25382039832053,99.33040971494317,340.32595736693366
221,286.3884255405484,240.43203077192848,99.97453499810746,340.32595736693366
222,286.36589134977345,240.6332066591548,99.69206810202034,340.32595736693366
223,286.3431533049521,240.47569670029574,100.13584673613828,340.32595736693366
224,286.4229596127327,240.60278562260012,99.43117609837164,340.32595736693366
225,286.5545822284102,241.0674397001517,99.80180614001956,340.32595736693366
226,286.38195397455183,240.42750759881162,99.98193442892058,340.32595736693366
227,286.3435029783637,240.06427019845265,99.93566725456873,340.32595736693366
228,286.44734988852036,240.710298996173,99.55890278911365,340.32595736693366
229,286.4939578242263,240.6754942558116,99.77344151751778,340.32595736693366
230,286.4612078916387,240.7074186757935,99.35897866746684,340.32595736693366
231,286.5641258738829,240.98975098440698,99.30764612021085,340.32595736693366
232,286.60101636049194,241.20851697516545,99.53529313914572,340.32595736693366
233,286.52927257087805,240.68856202028564,99.67791866674116,340.32595736693366
234,286.44309266448124,240.72258615661556,99.42870934691202,340.32595736693366
235,286.5088024891225,240.67562194303048,99.45305918262413,340.32595736693366
236,286.4304853975839,240.51808280210068,99.73320964514464,340.32595736693366
237,286.3430669029212,240.5491166175474,99.89003387584408,340.32595736693366
238,286.3133336041356,240.1723161483985,99.96474728954813,340.32595736693366
239,286.3389676583015,240.30907364803923,99.62997391728702,340.32595736693366
240,286.51376528793554,240.92467641752248,99.67865328484301,340.32595736693366
241,286.39831569655445,240.4227213697178,99.88437067683613,340.32595736693366
242,286.4382670695477,240.7283230954953,99.6026234722106,340.32595736693366
243,286.4933790590337,240.8965530653785,99.52913990588803,340.32595736693366
244,286.4973075604458,240.72796870720018,99.49368846774054,340.32595736693366
245,286.5216282334954,240.80798273548933,99.98355673223877,340.32595736693366
246,286.4022584848843,240.53926800248578,99.40157552063197,340.32595736693366
247,286.6280331590479,240.85922495449623,99.43564786266104,340.32595736693366
248,286.6383694621656,241.06702701456717,99.51043905794006,340.32595736693366
249,286.49036266167917,240.7543898839481,99.51372421072843,340.32595736693366
250,286.44478261208275,240.46598479966846,99.56571917019009,340.32595736693366
251,286.51544728176265,240.59602394978307,99.48634136168336,340.32595736693366
252,286.4603285583315,240.787386848418,99.65789704241286,340.32595736693366
253,286.5638694009704,240.78921404070206,99.28847882072132,340.32595736693366
254,286.42619865267585,240.62928895736636,99.60612043361988,340.32595736693366
255,286.3465140341853,240.5130262761892,99.65442316135947,340.32595736693366
256,286.3754921156553,240.4224499221117,99.76633169476798,340.32595736693366
257,286.4101063695355,240.64376746136418,99.52773375793494,340.32595736693366
258,286.36844749165056,240.56532594524924,99.78611622278738,340.32595736693366
259,286.3921555366195,240.479010329844,99.55375454089199,340.32595736693366
260,286.5033929012232,240.76823195049056,99.61329113111096,340.32595736693366
261,286.49076590457,240.65288405183597,99.51242065359402,340.32595736693366
262,286.3649068153398,240.58160888875807,99.70551780724476,340.32595736693366
263,286.5185432906284,240.8703023878579,99.25261305512946,340.32595736693366
264,286.6824553487795,241.14928407930498,99.4799994271997,340.32595736693366
265,286.5213763930943,240.92861899780485,99.55906425035336,340.32595736693366
266,286.468919595455,240.534596117045,99.95002350001636,340.32595736693366
267,286.4981239346547,240.82412453153714,99.268939631995,340.32595736693366
268,286.6087412501395,241.0029457049158,99.12605188160336,340.32595736693366
269,286.6678132596633,240.94907571428368,99.58650451526671,340.32595736693366
270,286.55297008717037,240.83695077611597,99.57457618555839,340.32595736693366
271,286.4200656041967,240.51062608918764,99.5158987149217,340.32595736693366
272,286.4688766073735,240.81389073224042,99.53263684315574,340.32595736693366
273,286.3110836673456,240.52710607352176,100.03809074054975,340.32595736693366
274,286.40730919286506,240.39768246559467,99.2264423031502,340.32595736693366
275,286.50070543062776,240.89192085902707,99.87553034962735,340.32595736693366
276,286.35094868671916,240.54410128020967,99.83620135244735,340.32595736693366
277,286.52241352081074,240.7918276942141,99.67354988083348,340.32595736693366
278,286.3165508270366,240.35997204909958,100.04915283936214,340.32595736693366
279,286.3990488881049,240.44384820144765,99.76455981805792,340.32595736693366
280,286.45145743778016,240.8360257052658,99.39058188531872,340.32595736693366
281,286.3950732306682,240.62999609283108,99.71041276811543,340.32595736693366
282,286.40513011994534,240.43558822056238,99.5348549035641,340.32595736693366
283,286.4238524864322,240.50483087798457,99.41955786493789,340.32595736693366
284,286.5563074952892,240.82157105003185,99.31076243570512,340.32595736693366
285,286.71161120888877,241.31035371959888,99.21665122625171,340.32595736693366
286,286.65576912723765,241.42784435029242,99.53305609192955,340.32595736693366
287,286.3578388550723,240.32205151833816,99.6623988770463,340.32595736693366
288,286.4355277886911,240.4832516882277,99.68113636360135,340.32595736693366
289,286.4344383733558,240.62966390245163,99.74875394382421,340.32595736693366
290,286.2922767106047,240.38951464691232,99.9328490419299,340.32595736693366
291,286.4090054959458,240.52117678451532,99.8647682593895,340.32595736693366
292,286.5586958700034,240.75878677947412,99.39916062985486,340.32595736693366
293,286.42973013271916,240.6250878708944,99.47575087876118,340.32595736693366
294,286.49105094414034,240.8143428930796,99.60033760560658,340.32595736693366
295,286.41480708260224,240.58902794497956,99.88456051680394,340.32595736693366
296,286.4529886762285,240.73385569014422,99.51444438990534,340.32595736693366
297,286.48742799242933,240.46323882671948,99.87543753504094,340.32595736693366
298,286.50117173847644,240.6922331278444,99.57376692580014,340.32595736693366
299,286.4273794246723,240.5700395627142,99.6861857962348,340.32595736693366
300,286.52237038932765,240.81558606166928,99.35134821582581,340.32595736693366
301,286.5869776728044,241.08013885442003,99.70453930992727,340.32595736693366
302,286.41289612749154,240.69910573883513,99.79777347626826,340.32595736693366
303,286.4056858864489,240.71161982037708,99.95723941966502,340.32595736693366
304,286.4685080510236,240.77280415485038,99.879190027684,340.32595736693366
305,286.2703580277261,240.38571871975216,100.26289604244703,340.32595736693366
306,286.25982161905887,239.92035417945408,99.89049060102037,340.32595736693366
307,286.32790207556565,240.16119638650017,99.66168628785721,340.32595736693366
308,286.5159704138672,240.73228885543986,99.21768438065781,340.32595736693366
309,286.7426729280888,241.55272059851816,99.4306934587662,340.32595736693366
310,286.51624546258853,240.6472511676085,99.63208501070027,340.32595736693366
311,286.5838260209517,240.7751857562163,99.29567395445495,340.32595736693366
312,286.68965520080855,241.05197727432258,99.44131049166907,340.32595736693366
313,286.5676301966624,240.8668940006451,99.56922416099356,340.32595736693366
314,286.5257919231406,240.63691371361642,99.31126901544252,340.32595736693366
315,286.7000307390481,241.1589830320444,99.21582329506981,340.32595736693366
316,286.71000645533104,241.35086489417904,99.54849699278896,340.32595736693366
317,286.6245164365291,240.70411819872012,98.98793633114717,340.32595736693366
318,286.70027126406586,241.0889398132193,99.01891496765695,340.32595736693366
319,286.6786561015691,241.20292847723195,99.22328271528534,340.32595736693366
320,286.5394885011701,240.8259890306919,99.50175336201896,340.32595736693366
321,286.7183212932128,241.1022186237308,98.89251536445774,340.32595736693366
322,286.7951497099246,241.59328383414183,99.35792082018686,340.32595736693366
323,286.58809648966263,240.92319621746984,99.33254379668979,340.32595736693366
324,286.47271671577,240.70486690870044,99.82470295101585,340.32595736693366
325,286.49793128655693,240.74064080111683,99.44186522367288,340.32595736693366
326,286.73318473273196,241.10556318709385,99.2730915934474,340.32595736693366
327,286.6027022130434,241.2479525979603,99.64435029531131,340.32595736693366
328,286.3683111509442,240.52116007124368,99.73906751321304,340.32595736693366
329,286.3509753511658,240.48975512538354,99.7366826149335,340.32595736693366
330,286.4098336948709,240.49460038086102,99.58439173304147,340.32595736693366
331,286.57103104146455,240.9167908756315,99.49530739200391,340.32595736693366
332,286.4796286781961,240.69390065524308,99.84786262815369,340.32595736693366
333,286.51943296790677,240.8760930057492,99.43563680045172,340.32595736693366
334,286.53734778644804,241.023164581749,99.57357195298592,340.32595736693366
335,286.41917211214474,240.58078932065965,99.76707574722809,340.32595736693366
336,286.44854696132626,240.6763459998576,99.42904777042698,340.32595736693366
337,286.4217745844863,240.61544356735706,99.58310922672551,340.32595736693366
338,286.412013929059,240.68459334080225,99.71415701203746,340.32595736693366
339,286.4724365978586,240.8140924748548,99.56544322725439,340.32595736693366
340,286.52750959014287,240.9561958768455,99.53607549501861,340.32595736693366
341,286.32990925084374,240.5489272503703,100.2046788359278,340.32595736693366
342,286.3345910424375,240.27610539514546,99.4171659713333,340.32595736693366
343,286.47301945872726,240.9830965705595,99.85707470058186,340.32595736693366
344,286.4935283172456,240.68157030580585,99.72578821329557,340.32595736693366
345,286.48187069346767,241.0129202064658,99.59283767301123,340.32595736693366
346,286.3720519111141,240.58872251854174,99.72375265773472,340.32595736693366
347,286.48732511182163,240.9176398947569,99.48869454279593,340.32595736693366
348,286.46345145114145,240.57332558043058,99.57685371141474,340.32595736693366
349,286.3877631481312,240.3808182890571,99.89436864295517,340.32595736693366
350,286.51867915595966,240.56311104407237,99.31233212734848,340.32595736693366
351,286.59450306108755,240.71022811713226,99.37324297224832,340.32595736693366
352,286.6481159319753,241.2215803836991,99.5835248649574,340.32595736693366
353,286.5017467823233,240.585586142859,99.8083095398066,340.32595736693366
354,286.465111519676,240.72778586946387,99.75848656446534,340.32595736693366
355,286.4987766109858,240.5993900797271,99.52459079796046,340.32595736693366
356,286.45892831356286,240.745209272187,99.56736694319538,340.32595736693366
357,286.38930271268464,240.64854160096885,100.09893923706083,340.32595736693366
358,286.4514355262913,240.4905479207905,99.18085496102225,340.32595736693366
359,286.51156345247426,240.79840564074718,99.5952111149454,340.32595736693366
360,286.5044606532765,240.7391864137513,99.5227222170668,340.32595736693366
361,286.4612315352398,240.71332466748402,99.46868843820569,340.32595736693366
362,286.4786488563723,240.78781487206052,99.4612211855643,340.32595736693366
363,286.4691198862979,240.63040496264964,99.53735311479518,340.32595736693366
364,286.4171186988776,240.44944922545562,99.70433198503478,340.32595736693366
365,286.4864976678315,240.66751907969612,99.57699645784379,340.32595736693366
366,286.628895988696,240.86091327829016,99.49492446512426,340.32595736693366
367,286.6767157743912,241.01322159539708,99.21248861516013,340.32595736693366
368,286.51098732447844,240.6381092930095,99.55871702620004,340.32595736693366
369,286.56129707645454,241.0461637595043,99.38589577101969,340.32595736693366
370,286.515968148671,240.77190904486918,99.82833447346633,340.32595736693366
371,286.38767720813973,240.26235921513936,99.34576866939288,340.32595736693366
372,286.41549880252313,240.44820154596457,99.77012467082652,340.32595736693366
373,286.5303827657397,240.73010333456875,99.3575255347268,340.32595736693366
374,286.47901482364915,240.77684174118852,99.54633218551659,340.32595736693366
375,286.4737424929529,240.64559594128357,99.730592534467,340.32595736693366
376,286.6023019493421,240.80591264372472,99.30280618145103,340.32595736693366
377,286.6628499623287,240.85341309841863,99.25386000636514,340.32595736693366
378,286.59645032920554,240.83958181658429,99.25630528274787,340.32595736693366
379,286.7774478431774,241.402554605982,99.08094499976995,340.32595736693366
380,286.6737840679995,241.25298323184367,99.46962856930107,340.32595736693366
381,286.3134692529009,240.57858959748333,99.98207353385571,340.32595736693366
382,286.43967488178106,240.46301683382248,99.5746212288339,340.32595736693366
383,286.487914062327,240.89543285321008,99.74163907249056,340.32595736693366
384,286.35086203182135,240.64835783364947,99.63316779816209,340.32595736693366
385,286.39965038800574,240.45979576290915,100.04409036949238,340.32595736693366
386,286.32688214785753,240.20303459095194,99.78667525195355,340.32595736693366
387,286.45644884612767,240.79529097195712,99.65032628888684,340.32595736693366
388,286.4455203719467,240.62675359107166,99.82000120333787,340.32595736693366
389,286.3607889321848,240.612386190021,99.5967504575135,340.32595736693366
390,286.4805850297701,240.7660618549088,99.53368639069843,340.32595736693366
391,286.49272622475445,240.90045639380654,99.53705635912377,340.32595736693366
392,286.53202767424796,240.80740460828233,99.55498342537528,340.32595736693366
393,286.4530293932724,240.52364562738137,99.85971242623926,340.32595736693366
394,286.4197722620162,240.54734503573675,99.83808308061337,340.32595736693366
395,286.4220478927022,240.5961109152042,99.69478442051881,340.32595736693366
396,286.3652197439073,240.37312475071917,100.06358468056014,340.32595736693366
397,286.4104032512129,240.54640472605226,99.67403970750752,340.32595736693366
398,286.448868054613,240.4402711070801,99.34395282491464,340.32595736693366
399,286.6724129167436,240.77712851192396,99.12323651007135,340.32595736693366
400,286.7121052769558,241.47452054034906,99.374226771126,340.32595736693366
401,286.4053936256683,240.52768774487447,99.57216848301914,340.32595736693366
402,286.505350647945,240.6663334307856,99.34023170831699,340.32595736693366
403,286.47195871854933,240.7114464337815,99.38410915001344,340.32595736693366
404,286.5308176285212,240.99868179291494,99.65772385866335,340.32595736693366
405,286.44542220217585,240.56904712057258,99.87885546456238,340.32595736693366
406,286.3947316329561,240.53387906666038,99.46217230797872,340.32595736693366
407,286.46881595298703,240.62804828162731,99.5740195892552,340.32595736693366
408,286.5245349858952,240.78291120240874,98.97166715947111,340.32595736693366
409,286.60256405203,241.15393673222488,99.70010490933248,340.32595736693366
410,286.43428688092376,240.49346650150787,99.2074152826059,340.32595736693366
411,286.6169555781553,240.79255990840207,98.96089050017015,340.32595736693366
412,286.71327076856716,241.52420939979027,99.5416740006092,340.32595736693366
413,286.54105962651096,240.84955114753078,99.64141472242609,340.32595736693366
414,286.48688603435403,240.7801584422134,99.59471965000272,340.32595736693366
415,286.4074924929135,240.56070788316003,99.95175884000588,340.32595736693366
416,286.5242734698113,240.79502002158657,99.37523476465121,340.32595736693366
417,286.4926139585329,240.8693138270238,99.30898839507091,340.32595736693366
418,286.5071017870397,240.77215060078046,99.46750215700558,340.32595736693366
419,286.49540263359387,241.19317539744847,99.42516790247832,340.32595736693366
420,286.53494713428705,240.76594920479388,99.4897833560071,340.32595736693366
421,286.48368809905173,240.90132838993634,99.8770859535144,340.32595736693366
422,286.35747667594364,240.57403690208537,99.69786579773331,340.32595736693366
423,286.5388842100296,240.6784104406363,99.23541114077273,340.32595736693366
424,286.4738553313812,240.79614228048888,99.9278774817119,340.32595736693366
425,286.3219638703278,240.27947182073956,99.54808667635562,340.32595736693366
426,286.4207729986165,240.3806876128573,99.42625224492694,340.32595736693366
427,286.67565309656163,240.96022217670034,99.01927422860155,340.32595736693366
428,286.65765368691535,241.2730761181546,99.55172187385021,340.32595736693366
429,286.40739129309543,240.784845225579,99.76024104082246,340.32595736693366
430,286.3826540947793,240.33815755468797,99.68600960963111,340.32595736693366
431,286.44636592838054,240.8674836456348,99.45217494911687,340.32595736693366
432,286.40677698004725,240.6298300660454,99.94346420645935,340.32595736693366
433,286.33296412538965,240.38619372623023,99.52181252937356,340.32595736693366
434,286.52797652177287,240.85771987501266,99.5431761453097,340.32595736693366
435,286.47388465424206,240.36247477688906,99.53127675851209,340.32595736693366
436,286.4614252611985,240.77427941127954,99.36807898295376,340.32595736693366
437,286.47190438319006,240.458513128416,99.45403488171739,340.32595736693366
438,286.485037578736,240.80375661799988,99.53378242039496,340.32595736693366
439,286.47454056490795,240.60070407634097,99.73859477540402,340.32595736693366
440,286.48160026018627,240.70400467710263,99.70168838721787,340.32595736693366
441,286.50793583022516,240.74432218069876,99.48433721246334,340.32595736693366
442,286.5842686683566,240.76244939834123,99.47598638522364,340.32595736693366
443,286.65800979653886,241.09455595721272,99.40210723835094,340.32595736693366
444,286.5646176286785,240.84711297449812,99.6782611481007,340.32595736693366
445,286.46168910820694,240.58534358657252,99.60124416496211,340.32595736693366
446,286.328737727424,240.3097336267106,99.90535432386507,340.32595736693366
447,286.4169506670076,240.41884621603208,99.34953601194958,340.32595736693366
448,286.5454318552782,240.68456626031136,99.53387908946003,340.32595736693366
449,286.5068971453663,240.87343460760363,99.62320517893761,340.32595736693366
450,286.47727717115805,240.51383377346147,99.5477544507561,340.32595736693366
451,286.5028979417455,240.5922229191392,99.43157177952402,340.32595736693366
452,286.47137446119535,240.57097509376436,99.37980780679045,340.32595736693366
453,286.5976646675174,241.1115804790616,99.35536806835256,340.32595736693366
454,286.5744019860072,241.04851253492234,99.03241425023731,340.32595736693366
455,286.66244723601886,240.87959739899748,99.6881459985553,340.32595736693366
456,286.6767540795867,241.26600536193197,99.20499818381693,340.32595736693366
457,286.61320102831405,241.26754839011906,99.28678598566141,340.32595736693366
458,286.54921769375596,241.01180918883338,99.93912975289906,340.32595736693366
459,286.39132766186293,240.67334847238985,99.57150524176014,340.32595736693366
460,286.5158894310228,240.71722726450642,99.49142338629048,340.32595736693366
461,286.7370792204049,241.4047136577459,99.59178550781563,340.32595736693366
462,286.4416237591573,240.92541269802325,99.7110136617667,340.32595736693366
463,286.3909115695662,240.4478791679869,99.6341312131067,340.32595736693366
464,286.40202730483514,240.53606654540624,99.76591471350399,340.32595736693366
465,286.4630265487568,240.63598053582078,99.67016112470951,340.32595736693366
466,286.3119450491194,240.51987553722105,99.77920905772133,340.32595736693366
467,286.4119590186091,240.5258354946591,99.63702705997729,340.32595736693366
468,286.3115380836104,240.48469871910854,99.79633047052596,340.32595736693366
469,286.343954074588,240.33948979829253,99.96278042526552,340.32595736693366
470,286.3241997435063,240.47942076055685,99.84987880491877,340.32595736693366
471,286.4296293133577,240.60432897465748,99.76173757575015,340.32595736693366
472,286.3153288606029,240.35153786438988,100.16880825652908,340.32595736693366
473,286.46277190762027,240.48852788490578,99.58894154169012,340.32595736693366
474,286.4196390787008,240.52465132806933,100.01694015758774,340.32595736693366
475,286.3511526508298,240.39037329457608,99.80535828118299,340.32595736693366
476,286.32181476336575,240.40184145399974,99.74558601471716,340.32595736693366
477,286.30760655892766,240.02033576873544,99.71839044467869,340.32595736693366
478,286.50067809887776,240.56611030751648,99.62400570125281,340.32595736693366
479,286.61572000401384,241.36352018672196,99.47303859060402,340.32595736693366
480,286.47231417370807,240.72536085318904,99.61201819797596,340.32595736693366
481,286.40918953179477,240.54341947127068,99.40161684963674,340.32595736693366
482,286.47568495529595,240.78341048504345,99.63152744976814,340.32595736693366
483,286.457512206946,240.71367897696368,99.76289575306396,340.32595736693366
484,286.36794145345976,240.40221487610845,99.92505775283904,340.32595736693366
485,286.43081604199375,240.44266575108304,99.51657234275812,340.32595736693366
486,286.3346497747726,240.66514468853538,100.07553040591422,340.32595736693366
487,286.23766477956866,240.2777788439288,99.99148421444407,340.32595736693366
488,286.23775938956436,240.2719601667953,100.1712462083579,340.32595736693366
489,286.19585085840566,240.21465287794194,99.60943644882792,340.32595736693366
490,286.3355887887833,240.63394690941792,99.69360502284314,340.32595736693366
491,286.44855609983443,240.75392451746936,99.56884359706346,340.32595736693366
492,286.34624880899094,240.7468331529191,99.70166538710038,340.32595736693366
493,286.3083277911263,240.71420311334074,99.77004275652365,340.32595736693366
494,286.3102000182787,240.47780180613105,99.73604145424783,340.32595736693366
495,286.43054096893076,240.9824081865651,99.67184110184341,340.32595736693366
496,286.33826565719386,240.48168109225455,99.84487000123484,340.32595736693366
497,286.2505368581544,240.37676914257796,100.03458836259053,340.32595736693366
498,286.27140359082574,240.46199983526344,100.06737285750741,340.32595736693366
499,286.19407311834254,240.1757366047319,99.95741121322646,340.32595736693366
500,286.2366921521209,240.21664065298708,100.01779113624265,340.32595736693366
501,286.19308964466967,240.13401187716966,100.20965529815305,340.32595736693366
502,286.2645289900509,239.94976347527958,99.93030612907172,340.32595736693366
503,286.2951883040265,240.34568120217168,99.886568090545,340.32595736693366
504,286.33047241588866,239.97288460706196,100.05537220530765,340.32595736693366
505,286.3639849571172,240.3969235257413,99.91992685612313,340.32595736693366
506,286.34495615249034,240.46544980190575,99.95662162705099,340.32595736693366
507,286.5348779373616,240.72018457787328,99.54303956789663,340.32595736693366
508,286.66560072932634,241.32130539077852,99.31445809900055,340.32595736693366
509,286.43344780731934,240.69671345366362,100.06506057196356,340.32595736693366
510,286.25248471038014,240.18795878834206,100.02711184258764,340.32595736693366
511,286.24010000839166,239.888051911034,100.05260103786362,340.32595736693366
512,286.4121301164898,240.5280614539,99.57348300585805,340.32595736693366
513,286.38559998681944,240.71838082320616,99.62940987677327,340.32595736693366
514,286.559719966301,240.99327191060692,99.36054648397057,340.32595736693366
515,286.5193221233983,240.6889229600096,99.4968929402723,340.32595736693366
516,286.48403007901044,240.8776857869249,99.65363706825515,340.32595736693366
517,286.3909695252859,240.35356181991094,99.8830342784713,340.32595736693366
518,286.3415216170919,240.11563684015172,99.75740361423426,340.32595736693366
519,286.5190655642403,240.7200117680084,99.62282316756499,340.32595736693366
520,286.39915588154946,240.61985169338246,99.89163343826344,340.32595736693366
521,286.4419487642178,240.51413575082424,99.2974286751928,340.32595736693366
522,286.6034196272378,241.05101649413817,99.18478392822432,340.32595736693366
523,286.6104627253323,241.2265248159982,99.64909090405395,340.32595736693366
524,286.4581738673858,240.53555364491527,99.5657965860272,340.32595736693366
525,286.56948348000856,240.82993240165274,99.36523177156128,340.32595736693366
526,286.65242083550464,241.1994260599794,99.38206195701581,340.32595736693366
527,286.4923553733037,240.4704062105835,99.72450438103773,340.32595736693366
528,286.5122508984329,240.53895304081888,99.64308965982711,340.32595736693366
529,286.6619681104904,240.869881930097,99.02550403469299,340.32595736693366
530,286.83695781442754,241.7251713960301,99.34025848841243,340.32595736693366
531,286.4311209911487,240.71134867689878,99.99289409625383,340.32595736693366
532,286.3156503328122,240.05765577329927,99.60780691800606,340.32595736693366
533,286.40236800669766,240.19355804038852,99.81676233226027,340.32595736693366
534,286.4172029462579,240.60255281442076,99.88583466921064,340.32595736693366
535,286.52556217585885,240.8354571422835,99.83852501524159,340.32595736693366
536,286.3773239404863,240.58787657274516,100.20119003326352,340.32595736693366
537,286.3198083264545,240.19054764389998,100.02457541618209,340.32595736693366
538,286.33691359349285,240.06371240234796,100.04289260851908,340.32595736693366
539,286.40318560917973,240.593098731522,99.90082019286565,340.32595736693366
540,286.4403629232759,240.2714161785614,100.04581367518459,340.32595736693366
541,286.46914178274756,240.83719911818082,99.82331380406391,340.32595736693366
542,286.46956080221065,240.48344442156335,99.85014454574588,340.32595736693366
543,286.37101068556944,240.19979497269946,99.66249297571032,340.32595736693366
544,286.3903598670541,240.2765322396839,99.69701628195202,340.32595736693366
545,286.6228546137903,240.9565189807672,99.46915534631263,340.32595736693366
546,286.47861786919304,240.89236859563877,99.84119956759842,340.32595736693366
547,286.33055477402746,240.26865457974608,100.07137067352903,340.32595736693366
548,286.31929482947334,240.14319437785926,99.62107525960751,340.32595736693366
549,286.34591011162956,240.3240549434895,100.00990057705518,340.32595736693366
550,286.323180506927,240.19367408194898,99.9352107889183,340.32595736693366
551,286.4065591628707,240.3378272040138,99.41686263445435,340.32595736693366
552,286.4377899422946,240.60301874355085,99.60742923521252,340.32595736693366
553,286.3739112221075,240.37593380971614,99.956746448486,340.32595736693366
554,286.46493463463105,240.5527731335054,99.37471272740494,340.32595736693366
555,286.57448334191633,241.15059681198068,99.43252968303648,340.32595736693366
556,286.44430182519244,240.8789635102668,99.60442279997726,340.32595736693366
557,286.47568855374084,240.7952910159618,99.68609632115145,340.32595736693366
558,286.5038504699709,240.79212379710324,99.71772572118584,340.32595736693366
559,286.3998910629081,240.74123632696947,99.718397911288,340.32595736693366
560,286.30718881684015,240.43286214436137,99.60934461122463,340.32595736693366
561,286.38106672760154,240.5434920037084,99.69308232595536,340.32595736693366
562,286.412334108107,240.54088108950577,99.41253857889103,340.32595736693366
563,286.4276214427267,240.70800652797263,99.74289498711914,340.32595736693366
564,286.5204113102338,240.6477660118627,99.32847942160983,340.32595736693366
565,286.5879106284292,241.21377232346288,99.72603717243675,340.32595736693366
566,286.41643383879506,240.614837328935,99.32380365838416,340.32595736693366
567,286.59469072699227,241.11926979165904,98.93179460973163,340.32595736693366
568,286.55473176617664,240.95470090705535,99.53359535834618,340.32595736693366
569,286.4721427455929,240.56702665101315,99.46930620219798,340.32595736693366
570,286.51237069996347,240.70893140561407,99.23410376567365,340.32595736693366
571,286.5672391006868,240.9509310722801,99.40639475474359,340.32595736693366
572,286.6830173398572,241.075150698549,99.16772109046434,340.32595736693366
573,286.54223115995677,240.81819675864514,99.17157907393921,340.32595736693366
574,286.51394085288786,240.82504658216854,99.71196085691226,340.32595736693366
575,286.473226522825,240.81105147655,99.42285115224365,340.32595736693366
576,286.46058699249323,240.5679858098279,99.51347286992852,340.32595736693366
577,286.5713122942564,240.9478664151632,99.44912782250653,340.32595736693366
578,286.72374296819436,241.39396309993063,99.24459255165006,340.32595736693366
579,286.54446250099636,240.90422376749007,99.31142408357037,340.32595736693366
580,286.5843464018836,240.91097259704566,99.08461121641999,340.32595736693366
581,286.69566868423175,241.04626945726423,99.26693448291543,340.32595736693366
582,286.5952980408687,240.9871655151879,99.2193715631682,340.32595736693366
583,286.6182122583153,241.14744730441495,99.1933579647449,340.32595736693366
584,286.5898835057081,240.99203169391046,99.5061098251282,340.32595736693366
585,286.48887064101285,240.81100528603875,99.58035289993147,340.32595736693366
586,286.31689387598584,240.52529446260795,99.82284683854361,340.32595736693366
587,286.4395749252787,240.4380171699771,99.55424996785763,340.32595736693366
588,286.50978221017687,240.91543292390676,99.28463857844618,340.32595736693366
589,286.53705799461846,240.72820945822744,99.78588820302838,340.32595736693366
590,286.40543136844224,240.79102359725223,99.75308462235917,340.32595736693366
591,286.47152788843647,240.76205092351358,99.27626602316388,340.32595736693366
592,286.5458960742597,240.95279840837034,99.51210368047437,340.32595736693366
593,286.6156824907743,240.91127346396863,99.40051035696736,340.32595736693366
594,286.64870123591237,241.2135506393723,98.86842265124328,340.32595736693366
595,286.6180085038571,241.20610778279072,99.37052303386854,340.32595736693366
596,286.346865459215,240.56813630601303,99.93428394884988,340.32595736693366
597,286.33299729114435,240.3684540663695,99.3508175578081,340.32595736693366
598,286.51418787853214,240.63614188910447,99.02538698187055,340.32595736693366
599,286.64764527243676,241.30914154465304,99.60969640567907,340.32595736693366
600,286.48858661998327,240.69444347490287,99.56057073167405,340.32595736693366
601,286.65560182522466,241.14583730336633,99.14408387827801,340.32595736693366
602,286.4783747218808,240.78649772484027,99.72487011984788,340.32595736693366
603,286.46376840279476,240.73940286339248,99.38434486161198,340.32595736693366
604,286.56721566205096,240.83616819295187,99.36364544770409,340.32595736693366
605,286.47463303456544,240.70167310082547,99.55171497963204,340.32595736693366
606,286.4575098779671,240.61865698313363,99.4846972369743,340.32595736693366
607,286.5172069535035,240.8647983505564,99.54609794178323,340.32595736693366
608,286.43267980907035,240.84685058787156,99.5754038986276,340.32595736693366
609,286.3729933424937,240.51292737808254,99.60320867930868,340.32595736693366
610,286.53635242374713,240.8321707100257,99.3513031296552,340.32595736693366
611,286.53972406982166,240.97793773767623,99.49631111184385,340.32595736693366
612,286.4166213319592,240.5151502807948,99.84237001324836,340.32595736693366
613,286.37922548446585,240.61110712582055,99.63095081128431,340.32595736693366
614,286.38487421786914,240.53767803489848,99.55181184787529,340.32595736693366
615,286.40535634295014,240.61361420308322,99.85069278524198,340.32595736693366
616,286.5136972674025,240.77476548385854,99.607473919366,340.32595736693366
617,286.44287607000916,240.66482671173208,99.96155719308199,340.32595736693366
618,286.3583019175288,240.46320880752546,99.75929447980236,340.32595736693366
619,286.4091223872579,240.73106201695722,99.83074056911892,340.32595736693366
620,286.25283955999646,240.33479765013965,99.80946871991466,340.32595736693366
621,286.31036538697714,240.5065145812515,99.68257881928052,340.32595736693366
622,286.3439287234061,240.5009147987656,99.64237555083032,340.32595736693366
623,286.40879217443154,240.68652010442295,99.68401269752918,340.32595736693366
624,286.3576349977994,240.34721960064576,99.67305739377895,340.32595736693366
625,286.3969075555899,240.3599831459554,99.87423237054425,340.32595736693366
626,286.4060243483648,240.60975913878545,100.0515982060299,340.32595736693366
627,286.5023008281278,240.87585398548552,99.74083159317341,340.32595736693366
628,286.4195707401459,240.5856981204095,99.77820538078636,340.32595736693366
629,286.37794966177535,240.4782134838371,99.66652466518623,340.32595736693366
630,286.4411382160011,240.4671349747567,99.60285885081248,340.32595736693366
631,286.46995315544285,240.65234004412477,99.69741878113733,340.32595736693366
632,286.4385855844949,240.658697264883,99.72378245679431,340.32595736693366
633,286.38367437980367,240.57651752232763,99.64642034212238,340.32595736693366
634,286.41630739043904,240.66311297480362,99.49341631172375,340.32595736693366
635,286.49216843845716,241.13279459482354,99.52468389708918,340.32595736693366
636,286.36029786059663,240.74840176665904,99.83540353660288,340.32595736693366
637,286.2948534954589,240.16135118124382,99.73827421712268,340.32595736693366
638,286.3958546140626,240.55211342289954,99.6302120409088,340.32595736693366
639,286.3473653497466,240.4316009720424,99.8478063936878,340.32595736693366
640,286.32543762374775,240.4100835853877,100.04564521420242,340.32595736693366
641,286.27894785156946,240.35789792150806,100.00310948651317,340.32595736693366
642,286.2708412012733,240.27380776676455,99.8405863749639,340.32595736693366
643,286.3856827000504,240.6465699350376,99.75065057834752,340.32595736693366
644,286.34761308007745,240.5299838551156,100.36934973470399,340.32595736693366
645,286.18298097733015,240.0136905112586,99.5522840668609,340.32595736693366
646,286.3784143797878,240.46832115903294,99.55278435453418,340.32595736693366
647,286.4837215549042,240.78146303300173,99.30847772347892,340.32595736693366
648,286.4598559968747,240.38829558244038,100.11343034862563,340.32595736693366
649,286.34349504920095,240.32434634093397,99.70663759996035,340.32595736693366
650,286.4319733349345,240.7158876859637,99.84107825426172,340.32595736693366
651,286.20218257891014,240.22922736856196,100.3131758824353,340.32595736693366
652,286.2849285395521,240.07372003330144,100.25668998681404,340.32595736693366
653,286.3119109070897,240.24455366823565,99.90102669624652,340.32595736693366
654,286.3990145120262,240.52639318779254,99.84927859707999,340.32595736693366
655,286.4034134772993,240.4365890829515,100.40257502975219,340.32595736693366
656,286.4588195124979,240.43059584806042,99.3593885840869,340.32595736693366
657,286.4569031275709,240.50993261822808,99.70013463450857,340.32595736693366
658,286.45823441097474,240.5185172957373,99.55318488220745,340.32595736693366
659,286.4899025416124,240.91053479039257,99.84799335712516,340.32595736693366
660,286.40924180407563,240.51996807129876,99.43931854634934,340.32595736693366
661,286.3941894629789,240.4730400513471,99.84221925705951,340.32595736693366
662,286.36578193830485,240.313898789665,99.68746839097749,340.32595736693366
663,286.490349711937,240.47739943782676,99.43543441088816,340.32595736693366
664,286.59544218979727,240.82917085990675,99.59512120648014,340.32595736693366
665,286.5149140637188,240.82155497147633,99.7360511644606,340.32595736693366
666,286.37501355712857,240.26473721621963,99.71342772401192,340.32595736693366
667,286.5258537189056,240.69002745324573,99.73021566123326,340.32595736693366
668,286.4529348955451,240.4835422865727,99.42005647861079,340.32595736693366
669,286.5217579485984,240.829951354384,99.70352404306654,340.32595736693366
670,286.5993336648317,240.87388328225188,99.42452918113098,340.32595736693366
671,286.69159954720317,241.2914005031142,99.23972919775447,340.32595736693366
672,286.6029245617904,240.84207459302684,99.37759741286827,340.32595736693366
673,286.3804159051183,240.39473328512625,99.90978435102407,340.32595736693366
674,286.4165456817052,240.5277236281125,99.71357241003683,340.32595736693366
675,286.5568310132266,240.73361262255295,99.24595715040472,340.32595736693366
676,286.58649080619966,240.88020927851196,99.58819286547849,340.32595736693366
677,286.64572076990146,241.21940863845626,99.40166890277034,340.32595736693366
678,286.5688654000182,240.989959399786,99.35934371791454,340.32595736693366
679,286.50175364183286,240.98322821134624,99.44680847565816,340.32595736693366
680,286.4705846766262,240.64691168870243,99.45351548820224,340.32595736693366
681,286.6383099648899,241.01757658962924,99.27247649198773,340.32595736693366
682,286.74443259245515,241.39346360967633,99.05532882362603,340.32595736693366
683,286.64591463797245,241.14367331996343,99.47075333027603,340.32595736693366
684,286.40614596226146,240.64468232865997,99.46744920278648,340.32595736693366
685,286.45298030080767,240.47508059216594,99.58281241177326,340.32595736693366
686,286.51534162643014,241.072193475649,99.39783784027344,340.32595736693366
687,286.4111931030333,240.68050127883703,99.36232749668937,340.32595736693366
688,286.4167914703276,240.58424320040638,99.80052073883881,340.32595736693366
689,286.42346509823045,240.5970418591298,99.440442876506,340.32595736693366
690,286.5060479563618,240.7660568726003,99.60179113946394,340.32595736693366
691,286.38594135100874,240.60853159581063,99.81327004206624,340.32595736693366
692,286.42174785808294,240.66797146377073,99.61102839618803,340.32595736693366
693,286.44492928630604,240.64126677317122,99.60426357971106,340.32595736693366
694,286.2866765563156,240.49510101183338,99.83449966531515,340.32595736693366
695,286.2524388559409,240.42532415610103,100.28728867441659,340.32595736693366
696,286.2931366572107,240.2079142937167,99.51914691127422,340.32595736693366
697,286.2321908896112,240.1080990576552,100.01565608744403,340.32595736693366
698,286.3733857153732,240.5387389375634,99.76510486901611,340.32595736693366
699,286.5316018297358,240.6628767367575,99.54332202002261,340.32595736693366
700,286.4228774484321,240.6360250572142,99.74920819633242,340.32595736693366
701,286.51672662937796,240.4649256992819,99.25942856776896,340.32595736693366
702,286.6059955314676,240.93097459174405,99.40677488484688,340.32595736693366
703,286.6632304607916,241.41669225782115,99.28198717674631,340.32595736693366
704,286.3996886983495,240.35459232715667,99.62511963587326,340.32595736693366
705,286.45377787708463,240.63988564480246,99.47281224007885,340.32595736693366
706,286.5470197855287,240.81204829017034,99.62898259198924,340.32595736693366
707,286.4362265181024,240.70552733472258,99.82739902514243,340.32595736693366
708,286.4093130592276,240.6324004739337,99.82854469187515,340.32595736693366
709,286.5359018903234,240.80242761950782,99.46561489848075,340.32595736693366
710,286.5437733295574,240.895540063726,99.18099175177743,340.32595736693366
711,286.54377422036004,240.71229458527463,99.38226231205049,340.32595736693366
712,286.65301577645295,240.98722364903972,99.16558897873455,340.32595736693366
713,286.6796801514352,241.3403247672263,99.42651072960122,340.32595736693366
714,286.56554145470534,240.7004471478783,99.34613346119829,340.32595736693366
715,286.492543577487,240.48437548737184,99.2598440209191,340.32595736693366
716,286.58043007880815,240.72117919641917,99.20151177116851,340.32595736693366
717,286.65630927449087,241.1278085927661,99.86128866822544,340.32595736693366
718,286.4238788361338,240.4228199228926,99.58204143976214,340.32595736693366
719,286.5120144837992,240.73087012648384,99.15014438449349,340.32595736693366
720,286.6772024985798,241.01418810521545,99.12842389279102,340.32595736693366
721,286.6550348703618,241.03626045079213,99.44288010129553,340.32595736693366
722,286.5685267522485,240.64577784366915,99.54457691432255,340.32595736693366
723,286.5585628871418,240.8382968905045,99.47928248311096,340.32595736693366
724,286.69283619994866,241.17179056611613,98.93482636958056,340.32595736693366
725,286.63409134284336,241.24802872658464,98.93897380194134,340.32595736693366
726,286.67505419988686,241.16515076545713,98.90856764879902,340.32595736693366
727,286.7601222814569,241.310185234628,99.44492509457876,340.32595736693366
728,286.467814300514,240.66116478738275,99.77287249414302,340.32595736693366
729,286.4657277119647,240.73648113548293,99.27429131863757,340.32595736693366
730,286.66927154337753,241.06820651227795,99.3314387165429,340.32595736693366
731,286.5254556445296,241.06978247499566,99.55109593739412,340.32595736693366
732,286.5417889141105,240.8921295441252,99.33442989899947,340.32595736693366
733,286.40976744322074,240.70213498744553,99.89942181191253,340.32595736693366
734,286.3649737948229,240.39388356308095,100.02419039355648,340.32595736693366
735,286.2455459913644,240.0886607408796,99.87223901562452,340.32595736693366
736,286.3830288949395,240.35331112894013,99.51785431239962,340.32595736693366
737,286.58233206866464,241.14742106224256,99.78096555597118,340.32595736693366
738,286.41068882428766,240.4747637715166,99.16929959470751,340.32595736693366
739,286.5726360237773,240.69833066285415,99.08437001406178,340.32595736693366
740,286.7855559643922,241.4463380531361,99.23546238759245,340.32595736693366
741,286.6943726465803,240.9837242900762,99.42749432081074,340.32595736693366
742,286.6105002612099,241.05630170247744,99.0722739686412,340.32595736693366
743,286.66901787266966,241.0573246654509,98.91439837893857,340.32595736693366
744,286.7444816318071,241.53369097400073,99.16167914541893,340.32595736693366
745,286.6659217949237,241.03577394968877,99.2105960588744,340.32595736693366
746,286.63232764422554,241.02142425428124,99.32931466783323,340.32595736693366
747,286.5819755002325,240.9640102401702,99.36409353224076,340.32595736693366
748,286.4169316935841,240.43789122258303,99.90162961376512,340.32595736693366
749,286.4531469595235,240.31113134024395,99.52143491697153,340.32595736693366
750,,,99.41571668598812,
751,,,99.11514958470025,
752,,,99.70834994630144,
753,,,99.0469226248117,
754,,,98.93068285401394,
755,,,99.1068686760943,
756,,,99.00813342308054,
757,,,98.93370562729892,
758,,,99.21542311179844,
759,,,99.40565624976837,
760,,,99.58071097352176,
761,,,99.23720971440103,
762,,,99.35193644609204,
763,,,99.67135198199992,
764,,,99.30355700690374,
765,,,99.17533678037654,
766,,,99.84949051056246,
767,,,99.31123570628382,
768,,,99.15858178331705,
769,,,99.24722320998457,
770,,,99.39915150534523,
771,,,99.14070843339947,
772,,,99.3219854247494,
773,,,99.35153625230843,
774,,,99.13913100287711,
775,,,99.50327388520896,
776,,,99.49038300841714,
777,,,99.2788063387823,
778,,,98.99858110796005,
779,,,99.50094750265403,
780,,,99.79544348835326,
781,,,99.60194897807605,
782,,,99.71136205911104,
783,,,99.66942760434546,
784,,,99.53676121733946,
785,,,99.53505323814987,
786,,,99.57746756206097,
787,,,99.45595624634477,
788,,,99.83143052833657,
789,,,99.24954132922022,
790,,,99.48289481758093,
791,,,99.68484511181767,
792,,,99.80063687047912,
793,,,99.54321585000866,
794,,,99.31370831796357,
795,,,99.81948118824153,
796,,,99.84355940618349,
797,,,99.35362514263839,
798,,,100.29062082205218,
799,,,99.81690616279859,
800,,,99.27546029457757,
801,,,99.33487519028706,
802,,,99.71688094633039,
803,,,99.76689982178816,
804,,,99.33948135686063,
805,,,99.55702280677606,
806,,,99.27437401027147,
807,,,100.0211193390527,
808,,,99.62537120586747,
809,,,99.56243891618816,
810,,,99.31190550820907,
811,,,99.10790990608223,
812,,,99.3005828388179,
813,,,99.66987157955923,
814,,,99.67255929489033,
815,,,99.34115136268366,
816,,,99.52192791450587,
817,,,99.4117724732627,
818,,,99.22981592112383,
819,,,99.5204320427312,
820,,,99.80018928519102,
821,,,99.971486861683,
822,,,99.31017695293771,
823,,,99.71136844086499,
824,,,99.95853123564602,
825,,,99.49311839289682,
826,,,99.66085251624884,
827,,,99.58280910816063,
828,,,99.65680558579527,
829,,,99.69577971096747,
830,,,99.66460783161021,
831,,,99.54408002342507,
832,,,99.05720484744195,
833,,,99.49052050269485,
834,,,99.1487617310875,
835,,,99.18750728870275,
836,,,99.43277475268364,
837,,,98.74918861630886,
838,,,99.32537169871483,
839,,,99.73635044940421,
840,,,99.60095887917731,
841,,,99.11625504010628,
842,,,99.39789132704186,
843,,,99.14942175042859,
844,,,99.3224263587332,
845,,,99.00225328578581,
846,,,98.76611473440556,
847,,,99.08723025825854,
848,,,99.27886815023153,
849,,,99.09610170437541,
850,,,98.45253529934173,
851,,,99.2928299159639,
852,,,98.94947766680586,
853,,,98.83567509331863,
854,,,98.51124373781506,
855,,,98.62571496800439,
856,,,98.48032938771195,
857,,,98.7691486315375,
858,,,99.16503697408994,
859,,,99.07171410242067,
860,,,99.02683871476246,
861,,,99.00938711804247,
862,,,99.00848527662612,
863,,,99.46731599295727,
864,,,99.33927516969875,
865,,,98.98899050574089,
866,,,99.04653496875947,
867,,,98.93669312605243,
868,,,98.8209135471302,
869,,,99.46866128964392,
870,,,99.22372084299752,
871,,,99.2877329887959,
872,,,99.31536099224188,
873,,,99.49008037222336,
874,,,99.24623605948743,
875,,,99.28264734020395,
876,,,99.5385690687191,
877,,,99.6459326695101,
878,,,99.06945636468676,
879,,,99.48004560925398,
880,,,99.0129985732544,
881,,,99.19780427444806,
882,,,99.19323803197028,
883,,,99.47364852058963,
884,,,99.59912311768375,
885,,,99.20894511875228,
886,,,99.28151803781088,
887,,,99.61566992596703,
888,,,99.51401086489881,
889,,,99.35009712648832,
890,,,98.81634755560287,
891,,,99.58747797621702,
892,,,99.24785024869408,
893,,,99.36561046109377,
894,,,99.37325976762348,
895,,,99.29958909405532,
896,,,99.25474284888325,
897,,,99.27384492798332,
898,,,99.72509083474648,
899,,,99.2859053115833,
900,,,99.21355936714075,
901,,,99.52867015097905,
902,,,99.47369624627282,
903,,,99.225120747399,
904,,,99.70356450325058,
905,,,99.59920657634905,
906,,,99.37971521268929,
907,,,99.38162725941372,
908,,,99.7774604395944,
909,,,99.68775170192527,
910,,,99.5457830231316,
911,,,99.5962113854079,
912,,,99.35754777040653,
913,,,99.78788837639051,
914,,,99.83331078835936,
915,,,99.55860809305112,
916,,,99.42217957400867,
917,,,99.53744127626572,
918,,,99.58191121768989,
919,,,99.52829176398042,
920,,,99.75246967593148,
921,,,99.6340297488174,
922,,,99.59846353403708,
923,,,99.67411300845147,
924,,,99.94361504412852,
925,,,99.6777160600247,
926,,,99.56848807350973,
927,,,99.92775483548873,
928,,,99.598283096462,
929,,,99.67536708995998,
930,,,99.69677108660498,
931,,,99.77949636194518,
932,,,99.84824122290955,
933,,,99.77498248010453,
934,,,99.79724813493425,
935,,,99.7322461355523,
936,,,99.82995366312359,
937,,,100.03029765315647,
938,,,99.69024098567604,
939,,,99.59221051879645,
940,,,99.49741985956673,
941,,,99.36836579592988,
942,,,99.52830115370794,
943,,,99.82263326713657,
944,,,99.71705333470186,
945,,,99.6483816440885,
946,,,99.81685370192196,
947,,,99.58944510889295,
948,,,99.67579051876328,
949,,,99.73907894064656,
950,,,99.4521472973381,
951,,,99.51738787920355,
952,,,99.89741375129597,
953,,,99.77318766303863,
954,,,99.58677668963144,
955,,,100.00097498262095,
956,,,99.73480155088572,
957,,,99.90037012353457,
958,,,99.99167577644357,
959,,,99.4086680660713,
960,,,99.34549456059574,
961,,,99.68441239190913,
962,,,99.62551817805063,
963,,,99.35901057305801,
964,,,99.46249507223418,
965,,,99.53545939888976,
966,,,99.42515592055155,
967,,,99.416581875107,
968,,,99.55984940671884,
969,,,99.27154429310264,
970,,,99.37017215204479,
971,,,99.4100037493409,
972,,,99.66565873605931,
973,,,99.39179326593744,
974,,,99.20004138928336,
975,,,99.47052250214728,
976,,,99.5813388847936,
977,,,99.7151298880355,
978,,,99.68812617839323,
979,,,99.37465249108931,
980,,,99.73120892582244,
981,,,99.41390983139853,
982,,,99.04111430061073,
983,,,98.93082106673637,
984,,,99.41680901514603,
985,,,99.42664684362622,
986,,,99.40913700553567,
987,,,99.17977018842134,
988,,,99.41066108021981,
989,,,99.19680154263564,
990,,,99.37964889740846,
991,,,99.34917878427707,
992,,,99.66026836434027,
993,,,99.45132163295045,
994,,,99.25947103842695,
995,,,99.52913493164617,
996,,,99.60003951436688,
997,,,99.46416681923047,
998,,,99.59752216695568,
999,,,99.61296217082355,
1000,,,99.66045131275244,
1001,,,99.80823080220436,
1002,,,99.66120806096633,
1003,,,99.75126483192571,
1004,,,99.77075302549957,
1005,,,99.77156018299122,
1006,,,99.60078385391228,
1007,,,99.61263287806615,
1008,,,99.77775747556727,
1009,,,99.54494328072964,
1010,,,99.71621828041107,
1011,,,99.5985699379173,
1012,,,99.35579752218894,
1013,,,99.73577307252116,
1014,,,99.42528844940522,
1015,,,99.688556950634,
1016,,,99.81033517984076,
1017,,,99.65934300381143,
1018,,,99.27334965394806,
1019,,,99.06429715574798,
1020,,,99.37736783604733,
1021,,,99.46770996634031,
1022,,,99.42851565007295,
1023,,,99.63035691144671,
1024,,,99.6756612899549,
1025,,,99.29376861297693,
1026,,,99.81897750058867,
1027,,,99.17206740237144,
1028,,,99.25649672802889,
1029,,,99.5537707368642,
1030,,,99.32051570384941,
1031,,,99.06013261128862,
1032,,,99.55062397635321,
1033,,,99.32284379475853,
1034,,,99.59143249551488,
1035,,,99.01455675964111,
1036,,,99.12422274864575,
1037,,,99.11810238257486,
1038,,,99.19487084796936,
1039,,,99.45666662852075,
1040,,,99.41359608266485,
1041,,,99.22539411473285,
1042,,,99.6713860208277,
1043,,,99.52736628169617,
1044,,,99.61898919734966,
1045,,,99.49577990287166,
1046,,,99.41130517333369,
1047,,,99.163305843851,
1048,,,99.49524935481595,
1049,,,99.57220840218311,
1050,,,99.9235807400075,
1051,,,99.55009747449678,
1052,,,99.55482715424995,
1053,,,99.64625856698503,
1054,,,99.75132953103395,
1055,,,99.35795920398851,
1056,,,99.6923243469858,
1057,,,99.72984352419682,
1058,,,99.36427930421308,
1059,,,99.70663824440409,
1060,,,99.93045942551664,
1061,,,99.73200173189942,
1062,,,99.45219773175586,
1063,,,99.62089373022889,
1064,,,99.21552109965997,
1065,,,99.67190732157188,
1066,,,99.75893659064366,
1067,,,99.44768297655939,
1068,,,99.44053446307554,
1069,,,99.42675726938734,
1070,,,99.38494237087042,
1071,,,99.41585728937254,
1072,,,99.46204999159329,
1073,,,99.2042155950922,
1074,,,99.27100156780574,
1075,,,99.08276526106742,
1076,,,99.4452000309894,
1077,,,99.37201115922856,
1078,,,99.31483259285768,
1079,,,99.76405695848466,
1080,,,99.34478003999995,
1081,,,99.64118859619593,
1082,,,98.68890907456786,
1083,,,99.43364075178552,
1084,,,99.60149214836741,
1085,,,99.41761354132358,
1086,,,99.78556509222979,
1087,,,99.84628721472514,
1088,,,99.66435883726746,
1089,,,99.40923519876675,
1090,,,100.03335966238474,
1091,,,99.85799479418831,
1092,,,99.62040402045768,
1093,,,99.48169756518381,
1094,,,99.90081346045747,
1095,,,99.67260256385362,
1096,,,99.20711763009994,
1097,,,99.38120957809082,
1098,,,99.08643477200808,
1099,,,99.31654776100466,
