,tas,rlut,rsut,rsdt
0,286.7811123079119,238.81619456771463,101.26884116766244,340.27084286407614
1,286.83178338218545,238.436294118678,101.33821825628699,340.27084286407614
2,286.9562489225303,238.58996068678823,101.88411333485094,340.27084286407614
3,286.98954952022797,239.08839780463305,101.59142650957438,340.27084286407614
4,286.69755859551583,238.61443149293189,101.13949226633548,340.27084286407614
5,286.7394142450524,238.42784084601263,101.37501659796675,340.27084286407614
6,287.0183344329613,238.74412833805073,101.90420203643235,340.27084286407614
7,286.97602166199493,238.98877777384385,101.56665712707384,340.27084286407614
8,286.7916566502477,238.8720463954772,101.37028266562288,340.27084286407614
9,286.6454475998784,238.38805882964064,101.08754819312925,340.27084286407614
10,286.9065222193551,238.42784428491856,101.53376937803553,340.27084286407614
11,287.1221737252195,238.91903613703903,101.68447179940581,340.27084286407614
12,287.0115048831928,238.7474455599547,101.83853423168752,340.27084286407614
13,286.7810524969238,238.78736174335322,101.21541733930314,340.27084286407614
14,286.81691404932036,238.43434509377653,101.10394716786521,340.27084286407614
15,286.9990593910454,238.64107490278911,101.29431106094937,340.27084286407614
16,287.153650514489,238.85017857045435,101.95380496529289,340.27084286407614
17,287.1700545819447,239.0396865681001,101.44984847715513,340.27084286407614
18,287.0900859430703,239.21453268974997,101.66522416015097,340.27084286407614
19,286.778979873541,238.58854243822535,101.18108775182229,340.27084286407614
20,286.84295142425634,238.65822019803122,101.32558060648165,340.27084286407614
21,287.1126754190123,238.8179283527256,101.60079003733858,340.27084286407614
22,287.08623008199305,238.9978178371019,101.5277149237897,340.27084286407614
23,286.7886078963831,238.77677001453355,101.13967633381974,340.27084286407614
24,286.8080559115787,238.46866041084525,101.24271975926344,340.27084286407614
25,287.01986144868573,238.6362506141733,101.76345300277758,340.27084286407614
26,287.11626439298624,238.71879872780684,101.89575298136636,340.27084286407614
27,287.07534788151975,238.82166113978477,101.80494436877171,340.27084286407614
28,286.82785716305835,238.83327857415387,101.11896694217079,340.27084286407614
29,286.85413298974163,238.5077604636343,101.22979258472844,340.27084286407614
30,286.9991075237858,238.51243376394686,101.63502854408738,340.27084286407614
31,287.14657057092194,239.23628682186018,101.43400769652033,340.27084286407614
32,286.87993342912006,238.56579745374825,101.37673787917049,340.27084286407614
33,286.8491887715616,238.6139658745343,101.57161015035996,340.27084286407614
34,286.9448102767192,238.4039171107195,101.9946398681654,340.27084286407614
35,287.0675651712326,238.6459797240358,101.73405494305545,340.27084286407614
36,286.92636299339597,238.73849869931882,101.43423341971508,340.27084286407614
37,286.82030261875144,238.55501571284037,101.14853790810601,340.27084286407614
38,286.9720912642048,238.7381983096161,101.37437069735252,340.27084286407614
39,286.8472545494798,238.79209527877222,101.17659407808753,340.27084286407614
40,286.89514172581534,238.20008789311467,101.40699375914511,340.27084286407614
41,287.2351046733158,238.92423812323332,101.43376193502611,340.27084286407614
42,287.1375228469903,238.64356914778287,101.73896746664774,340.27084286407614
43,287.06637573218603,238.75944895666655,101.64902239720975,340.27084286407614
44,287.11953135292936,238.82077857569357,101.36506415454609,340.27084286407614
45,287.11214539431666,238.62062296469648,101.3827430268983,340.27084286407614
46,287.1590645580218,238.96283725729188,101.44676469151746,340.27084286407614
47,287.06182860670935,238.6012185577439,101.49327676697582,340.27084286407614
48,286.93383876373053,238.38623906163855,101.57486645836802,340.27084286407614
49,287.0680714775698,238.93406777415444,101.30020860316993,340.27084286407614
50,286.91387106663245,238.54001171741223,101.19460721891501,340.27084286407614
51,286.98628202125883,238.07837668641238,101.70132246968763,340.27084286407614
52,287.26698036328213,239.30421395176026,101.42168161900396,340.27084286407614
53,286.98924187595634,238.88683820435207,101.04422012233886,340.27084286407614
54,286.8874162295006,238.47312969198845,101.12689041385447,340.27084286407614
55,287.13304757195067,238.57570608792938,101.52642985463105,340.27084286407614
56,287.254996219495,238.95841455553781,101.774538853285,340.27084286407614
57,286.9534518873153,238.91826146905393,101.20008331112801,340.27084286407614
58,287.0457712201566,238.48014715841032,101.20776495502032,340.27084286407614
59,287.2525107143671,238.41737660877462,101.79988093813957,340.27084286407614
60,287.3862815862752,238.92138792025526,101.6752461963437,340.27084286407614
61,287.1379289030663,239.06589667901002,101.09726158837377,340.27084286407614
62,287.17932278130394,238.65631181377873,101.22086394594832,340.27084286407614
63,287.31785544889584,238.58277455143718,101.79491412822279,340.27084286407614
64,287.2494074709013,238.99138156434336,101.46538682894158,340.27084286407614
65,287.0693959680271,238.63140705659578,101.4759742501049,340.27084286407614
66,286.925570799895,238.3521347964511,101.1386570781993,340.27084286407614
67,287.1025601378049,238.18855521134833,101.44313585170961,340.27084286407614
68,287.28496275071683,238.733335687974,101.60188780213942,340.27084286407614
69,287.0459444803742,238.53855964980758,101.43783863918424,340.27084286407614
70,287.0318882023624,238.4920227527056,101.26235224135594,340.27084286407614
71,287.0796885473875,238.68305215982613,101.0916731221494,340.27084286407614
72,287.21672675719606,238.31393266830491,101.39393901332187,340.27084286407614
73,287.37261729914337,238.95366325449103,101.36927166626953,340.27084286407614
74,287.29759825789813,238.79769514604808,101.41939191139396,340.27084286407614
75,287.22376065221084,239.2237018914952,101.02477116447828,340.27084286407614
76,287.27774355179025,238.7315732985759,101.09514623350675,340.27084286407614
77,287.32311079129806,238.9850689174228,101.60845183767498,340.27084286407614
78,287.0658418202625,238.77242202390426,101.12410577481079,340.27084286407614
79,286.94865924009224,238.40509765778245,100.90776575803227,340.27084286407614
80,287.20596295002747,238.2228547153343,101.59412855646711,340.2708428640762
81,287.32791132344556,238.88360671414782,101.6095106163379,340.27084286407614
82,287.20719669550067,238.7132468935769,101.2945146202834,340.27084286407614
83,287.18269106896446,238.37639742953738,101.59993295089252,340.27084286407614
84,287.2359928205576,238.8909066121262,101.64674834878923,340.27084286407614
85,287.09293775641316,238.50879182323638,100.99146793534192,340.27084286407614
86,287.25011469554846,238.520934447045,101.41487965952462,340.27084286407614
87,287.3156883385571,238.58486708623624,101.40903073737768,340.27084286407614
88,287.2898789926688,238.7623617888073,101.35202816574436,340.27084286407614
89,287.248316106756,238.72031994675766,101.50879345027762,340.27084286407614
90,286.9333197274115,238.30530771577546,101.41961574771067,340.27084286407614
91,287.0205251984872,238.1538277441426,101.33217234613073,340.27084286407614
92,287.27162255515975,238.65843349126794,101.27058135275037,340.27084286407614
93,287.3918433133011,238.73826332542947,101.75156257028601,340.27084286407614
94,287.08611723142116,238.76631423164426,101.01586191618543,340.27084286407614
95,287.07623756899187,238.32367151229369,101.23320848303013,340.27084286407614
96,287.4605036660742,238.53108348585704,101.84735829973529,340.27084286407614
97,287.4331039435089,238.72731220716946,101.57585841442199,340.27084286407614
98,287.1049801632109,238.80076457635656,100.92971075356,340.27084286407614
99,287.2166135057924,238.3921606871594,101.20632056739771,340.27084286407614
100,287.43972757354453,238.78946611883364,101.50539944057368,340.27084286407614
101,287.29192476437174,238.7292383250264,101.41366518108761,340.27084286407614
102,287.1024870749888,238.49802309430194,101.36455745726757,340.27084286407614
103,287.22961980290034,238.26137379035478,101.1670410102332,340.27084286407614
104,287.4347539426546,238.49935269471834,101.84236912805964,340.27084286407614
105,287.3372163602255,238.54397913782387,101.6640690781944,340.27084286407614
106,287.2988984991699,238.71868122954368,101.24766545639851,340.27084286407614
107,287.22365205344687,238.32432498963257,101.22486016612625,340.27084286407614
108,287.35803020768503,238.27189466242962,101.47111563270694,340.27084286407614
109,287.4266047557408,238.80360133719205,101.62589438576084,340.27084286407614
110,287.28132117938316,238.50669033163112,101.07508798848274,340.27084286407614
111,287.3238423428022,238.32581049506337,100.99904632111634,340.27084286407614
112,287.5489324926294,238.49732194928086,101.63103657859887,340.27084286407614
113,287.66508399149035,238.961575921505,101.47260972574752,340.27084286407614
114,287.25459539241496,238.64078559007382,101.21642050336978,340.27084286407614
115,287.18060925012776,238.04975268560838,101.21161254306857,340.27084286407614
116,287.2907557331233,238.39580184772163,101.22389331979173,340.27084286407614
117,287.4885756747896,238.46501725587362,101.3313204953745,340.27084286407614
118,287.5836221338151,238.52819111839196,101.6783510057398,340.27084286407614
119,287.7017561951179,238.45082976079127,101.45012355392123,340.27084286407614
120,287.5227369931725,238.5922551530948,101.63291943128489,340.27084286407614
121,287.3242005290694,238.38908999274793,100.82236333664171,340.27084286407614
122,287.5646901268047,238.4078467979044,101.35149265985575,340.27084286407614
123,287.7062945678204,238.68081471533756,101.36850655534677,340.27084286407614
124,287.47067273079074,238.10254389538719,101.30618759360475,340.27084286407614
125,287.56966251257774,238.411160124165,101.00247432822488,340.27084286407614
126,287.8390453653187,238.5020675388305,101.2035141090139,340.27084286407614
127,287.9020392216494,238.8210252634835,101.29732640211971,340.27084286407614
128,287.8152022669435,238.6675256028717,101.33277844603806,340.27084286407614
129,287.4148568458018,238.42367985491867,100.86795788946108,340.27084286407614
130,287.47192273379386,237.90810727650282,100.70618664591757,340.27084286407614
131,287.8097471337067,238.26664745639457,101.20073071430596,340.27084286407614
132,287.814878783635,238.54409438025053,101.23730290410693,340.27084286407614
133,287.79214048671645,238.2032094179677,101.25971234967898,340.27084286407614
134,287.9537522211246,238.43301874218264,101.33012901133446,340.27084286407614
135,287.9565151720651,238.621295465523,101.27510793993777,340.27084286407614
136,287.65081238974557,238.08675127408733,101.09624748637589,340.27084286407614
137,287.7655931235912,237.94698321486374,100.91755625717398,340.27084286407614
138,287.85638309302016,238.03756553163475,101.54193146952552,340.27084286407614
139,287.84889641259633,238.2516562029522,101.09211394639534,340.27084286407614
140,288.0385235449549,238.39578596451508,101.49187842688428,340.27084286407614
141,287.96040862663654,238.3025855487191,101.51492031183786,340.27084286407614
142,287.73795787679506,238.06178192124682,101.06233581501353,340.27084286407614
143,287.761046198363,237.85413975960094,100.83657726318616,340.27084286407614
144,288.0833862240077,238.26870687533358,101.31648456842167,340.27084286407614
145,288.20918371267453,238.32830392659017,101.60788134399752,340.27084286407614
146,288.14974207408704,238.3072993592771,101.18654439740948,340.27084286407614
147,287.8957162522573,238.28166621136995,100.80789379270875,340.27084286407614
148,288.05002861163575,237.87920210097863,100.85819360964295,340.27084286407614
149,288.3487764971156,238.4887741704184,101.26513733913805,340.27084286407614
150,288.2173068874194,238.58366996421032,101.1576732184339,340.27084286407614
151,287.97919165140223,238.1167843575065,100.88980589656455,340.27084286407614
152,288.05750339017163,238.02842019870977,100.8561131221972,340.27084286407614
153,288.3857105059118,237.87019420573282,101.61932194715875,340.27084286407614
154,288.5228580849038,239.05267499283022,101.06256211021918,340.27084286407614
155,288.147670656084,238.28375790997976,100.92961035308463,340.27084286407614
156,288.17287553670656,238.08359265184984,101.20299674273741,340.27084286407614
157,288.4688562687105,238.31839946483203,101.43279760622234,340.27084286407614
158,288.5064719562743,238.32822974627797,101.64466113298374,340.27084286407614
159,288.26735930947314,238.3469667207887,101.18456183109441,340.27084286407614
160,288.2566992869875,237.88278306716924,101.28708779764054,340.2708428640762
161,288.5539856402283,238.24297769214672,101.49165376968286,340.27084286407614
162,288.4318230450951,238.46585299146736,101.10707891025828,340.27084286407614
163,288.1053312888848,238.26966039754515,100.78029775845556,340.27084286407614
164,288.09571437160434,237.620724503591,101.29470816619312,340.27084286407614
