Year	ERF
1850	-0.6006340382949901
1851	1.3037388162995782
1852	0.21793509550749005
1853	1.5532272127298188
1854	1.0622189976458756
1855	-0.8382627344641843
1856	-0.7500058503676805
1857	0.43709308223264154
1858	0.10139138910927134
1859	0.17583383212593529
1860	0.15191336408352402
1861	-0.21637763431134704
1862	0.19648033160283218
1863	0.36525565791194964
1864	0.6000077491185619
1865	0.20281794186909918
1866	1.2265323057045419
1867	-0.930077657724579
1868	0.11556374362723842
1869	0.5458002250706064
1870	-0.2726675790741397
1871	1.1384270106436138
1872	0.7244002983370073
1873	1.1523166455581677
1874	0.5612979406620993
1875	-1.0225453097401793
1876	0.7338778778906943
1877	0.1272935776934579
1878	-0.7213095820439358
1879	0.4673624480533459
1880	1.0880745792175701
1881	0.7422019469697532
1882	-1.1919943024700566
1883	-1.0985281183865412
1884	-1.8692243116837999
1885	-0.26627301266422687
1886	0.8929575020443161
1887	-0.04427937783684785
1888	0.8474241301598887
1889	-0.5809212061602007
1890	-0.0878514330998118
1891	0.05925494777519888
1892	0.0009096435360053043
1893	0.16610425818292363
1894	0.047242345326418016
1895	0.0744099269792817
1896	0.7143193258326626
1897	-0.04248658627099508
1898	0.1840946266847348
1899	1.1341213196898767
1900	-0.08132637932983439
1901	-0.5201158744311887
1902	0.8351623742045468
1903	-0.25390603692758007
1904	-1.1542085293347117
1905	-0.6579367283833245
1906	0.2124850390960097
1907	0.47786419624625137
1908	0.7889360771907681
1909	0.21778467160487855
1910	0.6108569259532677
1911	0.46717401175685414
1912	-0.3388711072445554
1913	-0.6138799533264649
1914	0.2740359355458613
1915	-0.6509504233956211
1916	0.30520295666415553
1917	0.4008330526040573
1918	0.3841106820051916
1919	0.6288553173916784
1920	-0.600456953758332
1921	-0.40891923068825714
1922	-0.7610650652646374
1923	0.5071240732201912
1924	0.18109755759464696
1925	-0.23590331913958013
1926	0.9614964748275812
1927	0.5909450423025637
1928	0.9434134948660625
1929	0.0012113664002124241
1930	1.2374269930568818
1931	-0.3323270216164852
1932	-0.36641298057581223
1933	1.7304237360781483
1934	0.13685776717154252
1935	-0.9205941659350083
1936	0.03582331683242568
1937	1.1965270340042182
1938	0.5594901112441445
1939	1.2081991803538281
1940	0.1718125032515293
1941	0.556360228935092
1942	0.012626155725227961
1943	-0.23072396225379058
1944	0.6884937355660284
1945	0.7773901349105155
1946	0.8087817663059006
1947	0.27783151248098986
1948	0.49431015786206145
1949	0.5553531350672078
1950	0.9834879680158988
1951	0.8453659897774908
1952	-0.6327081785890395
1953	0.9479890813678347
1954	-0.11689869518052387
1955	0.2099134349051184
1956	-0.7345293375529477
1957	0.9631574821280492
1958	1.1309391719665063
1959	0.6907020192228
1960	0.4163996480800528
1961	0.4858781055976985
1962	-0.3456936148585703
1963	-1.9983716331176085
1964	-0.922273191720598
1965	-0.6570788920877868
1966	-1.1377869143048591
1967	-0.22419168629878428
1968	0.8905966976230586
1969	-0.08826899091496848
1970	0.14109601136915362
1971	0.25873111606011884
1972	0.6700568639688282
1973	0.39970309979547475
1974	0.6695780809371805
1975	-0.5526259364288707
1976	-0.22005315062581335
1977	0.5296387792595547
1978	0.8283296793973454
1979	-0.1824362102302951
1980	-0.535663362093293
1981	0.02650036815203355
1982	-0.11292359498124285
1983	-0.23747209201846664
1984	0.6562024522111343
1985	0.3137785910597052
1986	-0.0010046920986363228
1987	-0.09484350509027577
1988	1.5498128109957858
1989	1.9180248810826288
1990	2.087198991272094
1991	-1.0205227316384213
1992	-0.2858326890660847
1993	1.3863572012682333
1994	1.1627415150953475
1995	0.6921075783492958
1996	0.6736276758911212
1997	-1.1206500521540277
1998	0.11632989021700751
1999	0.5146415844871863
2000	1.880940508659723
2001	2.7953333654718318
2002	1.8911273584124941
2003	2.0461875925309703
2004	1.967039372036488
2005	0.7914642190456513
2006	0.2752141261567247
2007	0.8457716078023805
2008	1.5447278971382754
2009	2.219299259165996
2010	1.6890446819129241
2011	2.0985533845857427
2012	2.7289475183496856
2013	2.4658777228260473
2014	1.8013917753323287
2015	1.6240837711098381
2016	2.217983192171346
2017	1.8938508407156471
2018	2.188088437594459
2019	3.223606580595079
2020	2.423709652679286
2021	1.7122042421855754
2022	2.502502237989645
2023	1.8891961691593349
2024	0.9393028519984079
2025	3.549764540667895
2026	2.8423144006249985
2027	2.882867631584438
2028	3.0282912929906436
2029	3.4186200955442203
2030	2.3841819515874048
2031	1.6832243796914026
2032	3.071684637391726
2033	2.6415636210787077
2034	1.697676029850182
2035	3.3659967517786016
2036	4.820200351654701
2037	3.865778216242774
2038	1.785652642822042
2039	2.497789097778112
2040	3.802537518863028
2041	3.623952716150543
2042	3.2431192862782052
2043	3.32027916059989
2044	4.017048129373868
2045	4.650974111427372
2046	3.705184140346196
2047	2.6772692359192445
2048	3.9943027639478847
2049	3.4817223391461676
2050	4.199861286826553
2051	4.243507773880184
2052	4.2745251253000465
2053	2.9743766455344525
2054	4.408236014630726
2055	3.8398216651026296
2056	3.0070997972820366
2057	4.288180898236096
2058	4.894726167057611
2059	3.661139288176578
2060	3.6832231455923274
2061	4.390301046127712
2062	2.663221551554746
2063	3.4808865462844407
2064	4.3580301165841036
2065	3.847816284718271
2066	4.5712349819276845
2067	4.58634301009057
2068	5.752329670352411
2069	5.0407230607318025
2070	3.8231961450362704
2071	4.462746463967832
2072	4.88333117991451
2073	3.955333870329351
2074	3.7228520194916883
2075	4.9062729426432625
2076	4.881043686546269
2077	4.449221923014287
2078	5.018056934822818
2079	5.2311084253326285
2080	4.466980528154123
2081	4.3432039114112495
2082	4.514404937387264
2083	5.30506773067577
2084	4.186423882202861
2085	5.067630547270968
2086	4.887003330145899
2087	4.891858967991301
2088	5.5233555445945255
2089	4.560530623933207
2090	4.3839540810299376
2091	5.24574156252644
2092	5.058114573251162
2093	4.687488966204989
2094	5.448554339583051
2095	4.997424326481996
2096	3.6856473286136473
2097	5.103201131766262
2098	6.004501716997663
2099	4.194852862345253
2100	4.11080966241857
