Year	tas_diff
1850	-0.13460630449419386
1851	0.09686666028408047
1852	0.17420329300114573
1853	0.05895937248942789
1854	-0.1890708856462429
1855	-0.15332591378133784
1856	0.0625934141092737
1857	-0.11666659340873804
1858	-0.04912512741716435
1859	-0.032020655724230226
1860	-0.04220696748269323
1861	-0.03928112681569959
1862	0.05703932711300302
1863	0.06774741350821428
1864	0.1071271039208106
1865	-0.19926019408059875
1866	-0.061268847643684884
1867	-0.04692566682149382
1868	0.176896113221038
1869	0.30757936697149146
1870	0.01828715763643085
1871	0.24095617664788696
1872	0.24883809156957307
1873	0.15180691152356876
1874	0.26059602438901414
1875	0.037685139983353294
1876	0.05014451500758518
1877	0.2479792257476227
1878	-0.10777679766810873
1879	0.11208067065837442
1880	0.043406117949668144
1881	-0.015170814935798374
1882	0.18871153489192408
1883	-0.05274792422521068
1884	-0.02371129892320578
1885	0.2037191017438294
1886	-0.12124715708745279
1887	0.010135318157582868
1888	0.11745500787080618
1889	0.3087299797574796
1890	0.1560743959260607
1891	-0.005060201021957214
1892	0.4044938433664609
1893	0.21600867784376782
1894	-0.029596889758009018
1895	0.21264300947225304
1896	0.3268462874713819
1897	0.03755364276696486
1898	0.12065608142229317
1899	0.053410654753194814
1900	-0.056785306727368236
1901	0.2203799051617723
1902	0.12292557643236583
1903	-0.07578582072462235
1904	0.20522104690605977
1905	0.16098357494838417
1906	-0.031847728009608695
1907	-0.030124148288667635
1908	0.2336552416129223
1909	0.25808488182655603
1910	0.10041104416128091
1911	-0.0591361849560581
1912	-0.06642004922198205
1913	0.23137921491274122
1914	-0.024406533844691963
1915	0.00873180284165494
1916	0.15814891429161956
1917	-0.049501487261582405
1918	-0.03052095610196337
1919	0.028164651213769737
1920	0.05148605948628738
1921	0.08013802512026
1922	-0.07864800175663372
1923	-0.12391605008066549
1924	-0.02430741128430315
1925	0.02958162451116808
1926	0.07104250617453875
1927	-0.11894511350044476
1928	-0.15486515070718543
1929	-0.1561962371706519
1930	-0.14337242265865557
1931	-0.24436764391799098
1932	-0.2578088582211142
1933	-0.14015544888534287
1934	-0.28909887218710234
1935	-0.2806905332573423
1936	-0.04949066100912573
1937	0.011593430593391046
1938	-0.2572312918590426
1939	-0.12139479349904768
1940	-0.21874410290196467
1941	-0.2703691771245734
1942	-0.22546745183044145
1943	-0.31287696230041795
1944	-0.44615193237945905
1945	-0.17854293310437525
1946	-0.28114802725133187
1947	-0.3514395993006519
1948	-0.03274352823365381
1949	-0.11513660483032823
1950	-0.2796947952660038
1951	-0.14870331853818564
1952	-0.4360789529674104
1953	-0.33076048296733296
1954	-0.23504167199437692
1955	-0.2851742111974954
1956	-0.19448084728855347
1957	-0.30302647231670554
1958	-0.1671497516611096
1959	-0.2107347520839358
1960	-0.41303545056654867
1961	-0.17425358914867678
1962	-0.20611998859705719
1963	-0.41842155230537575
1964	-0.24871372624980656
1965	-0.13055594605885715
1966	-0.22974191417590623
1967	-0.2666752969166306
1968	-0.047785070646726345
1969	-0.21699828425685777
1970	-0.16564891026395107
1971	-0.2472856081016969
1972	-0.3597890569019758
1973	0.0028037445291978352
1974	-0.006132845904403023
1975	-0.07181315135964941
1976	-0.06990388172080561
1977	-0.14213150824442725
1978	-0.2483202318331596
1979	-0.08667732657804121
1980	-0.008548219491586961
1981	-0.05538328854078017
1982	-0.11350740854696012
1983	0.014664637612601644
1984	-0.06951763619048748
1985	-0.1872975613989497
1986	0.1493167911327899
1987	-0.0606248542624625
1988	-0.25257102387245384
1989	-0.07455985778378083
1990	-0.08755420750941789
1991	-0.12535141296080043
1992	-0.19793850057146525
1993	-0.2760193356628128
1994	-0.22572996268375609
1995	-0.1624770355721757
1996	-0.13549830227310838
1997	-0.21771169393794304
1998	-0.017151883517637356
1999	-0.09759712371677887
2000	-0.06640388750227977
2001	-0.16335952347255162
2002	-0.047297796232208866
2003	-0.025150466544572758
2004	-0.1112321218356308
2005	-0.03901799569391784
2006	0.11780214157025393
2007	-0.26715849316194584
2008	-0.04277503138439964
2009	-0.16764150309857873
2010	0.027923630842614844
2011	-0.0818765542763713
2012	-0.11314251294164746
2013	0.02055234368638459
2014	0.2663170827311562
2015	-0.02949721768675473
2016	-0.02467253627916821
2017	-0.0050753609338798356
2018	-0.07243509545558635
2019	-0.2515475513827665
2020	-0.05222253872901961
2021	0.0443415273277068
2022	-0.13678835156127667
2023	-0.06803787325491162
2024	0.05653151999834494
2025	-0.2257270148749888
2026	-0.05686854996336477
2027	0.012532673220451818
2028	0.2679880262376355
2029	0.13860037665495195
2030	-0.03732149116115746
2031	0.29353485027477566
2032	0.16237416488749168
2033	-0.058679870811154444
2034	0.13623396584734726
2035	0.05964239281318484
2036	0.3137086164701104
2037	0.11461074452605846
2038	0.4392250939629001
2039	0.3128943091888772
2040	0.11940088940249716
2041	0.18476393876321695
2042	0.16500565053785676
2043	0.2999364775288247
2044	0.13275387950736617
2045	0.039641088781071865
2046	0.27391052667237314
2047	0.1688492747076129
2048	0.4482445268773434
2049	0.47822295531576975
2050	0.20367555691879247
2051	0.4232242953654688
2052	0.19306006101970574
2053	0.1437298345588287
2054	0.2620571181796061
2055	0.3635878014676752
2056	0.2502269068202052
2057	0.38012029755082466
2058	0.2398458361564253
2059	0.4186070522916392
2060	0.38329326199250513
2061	0.5596559693187215
2062	0.20020430784495913
2063	0.014413677219265786
2064	0.43873512400969616
2065	0.22608122091793215
2066	0.3304811181013161
2067	0.04443357190179764
2068	0.2491542429570739
2069	0.09865297274163387
2070	-0.1276042667498083
2071	0.2564173501478182
2072	0.08343383316976638
2073	0.2769107861363711
2074	0.1762700556289527
2075	-0.01618571030454863
2076	0.21489515983696084
2077	0.011709801322736801
2078	0.041533888790082685
2079	0.06803322237727727
2080	0.001111588465960267
2081	-0.21171885933515266
2082	0.05055172598608504
2083	0.10082533020466489
2084	-0.21156795995189448
2085	0.02098502854683293
2086	-0.03508546781862609
2087	-0.006596225905113329
2088	0.00277551506539897
2089	-0.1499364923474431
2090	-0.07272458587068087
2091	0.05854281044095355
2092	-0.037655819083656894
2093	0.05393935237696024
2094	-0.1336579192773959
2095	-0.15057506541308197
2096	0.10737661412794708
2097	-0.006853466456659518
2098	0.11504166163955798
2099	-0.039405869435269025
2100	-0.1877394693412553
