,tas,rlut,rsut,rsdt
0,287.3732584997413,239.2237132175816,101.26688127052826,340.27084286407614
1,287.19158478042283,238.82322583856532,101.19565266953686,340.26004533041356
2,286.99367160580636,238.40896715776742,101.09346466697058,340.25898035325974
3,287.14377359710085,238.54547530908542,101.2570902699316,340.2394646272467
4,287.37738331382536,238.56626956995785,101.64357976450037,340.21215237871337
5,287.3355722540854,239.09357988333713,101.29648927748018,340.1954026317063
6,287.17754860295463,238.6893476799693,101.14523584950213,340.19062553003994
7,287.2078523970329,238.691159411449,101.0708657121955,340.2025392634692
8,287.3945440497503,238.69414627964065,101.40169075203079,340.2355709433169
9,287.59160247252186,239.02760109342992,101.62381237492816,340.26291055928385
10,287.399126549878,238.97043509232284,101.44789322988647,340.2835130277574
11,287.0769645014131,238.34721753893007,101.89968542385567,340.2794993192946
12,287.29282501322444,238.2859805057842,101.78041522132882,340.2559043145331
13,287.5144325856234,238.81889152059193,101.69623801343549,340.24195007834686
14,287.4182377843159,238.84805115686018,101.36271550967784,340.2281184130523
15,287.2134496297267,238.91070789388172,100.97989494901736,340.21701956637816
16,287.1582434295837,238.5284025272565,101.1033461176138,340.2113046625452
17,287.3827884903197,238.3538051889302,101.7200885201945,340.2027345704953
18,287.37558981182696,239.05847392672362,101.13892738169011,340.22183296236517
19,287.2293863776262,238.95063756643125,100.74340667557584,340.2564890324658
20,287.2549935873864,238.5208154203101,101.35718639038664,340.2589156010392
21,287.577750364388,238.635748220917,101.59087532716615,340.28004911435977
22,287.4517006569378,238.90159260199937,101.57315666671883,340.2686598306254
23,287.3536902983036,238.89152809120856,101.15159238850951,340.250319198605
24,287.41334692511094,238.97260693908652,101.21737996742985,340.2340860137509
25,287.45147252124804,238.828241851887,101.32588817727422,340.2035515120435
26,287.4118743215724,238.50182525460858,101.47626729759442,340.1896787601763
27,287.5809687371683,238.40144155593578,101.80404334867694,340.1806934399379
28,287.5964363500315,238.85552623884152,101.60785165693187,340.1692987674192
29,287.30744809447793,238.82069977391828,101.19769012879543,340.17174254019085
30,287.1855412612495,238.6189936349975,101.06808021236823,340.1989366078598
31,287.19238513883147,238.27116305745767,101.36859278140264,340.2368159279061
32,287.4294130701163,238.4427636008338,101.49199407487326,340.22859292416007
33,287.4531476345504,238.27753962545555,102.70584902376841,340.22272275695667
34,286.91742322566597,237.640654353187,103.56115064770147,340.2682768358482
35,286.885490402334,237.61794683308406,101.96001751305035,340.23967266054194
36,287.22916205703524,238.38220621569528,101.69265688936457,340.20826003505823
37,287.28431838292045,238.53688603668175,101.64760767178045,340.1881995287762
38,287.3390402569414,238.73197678265103,101.22338017915224,340.1803427895567
39,287.553906127401,238.8411733311964,101.5008118721318,340.177555711027
40,287.3177811658322,238.96382159230907,101.40609365312991,340.1843534386108
41,286.9538466450023,238.3767137233324,101.22253476451344,340.2338933480045
42,287.1075198222275,238.03349516163541,101.24809669613137,340.27461554878545
43,287.53050475325483,238.70988307487025,101.51957720489327,340.3068037545421
44,287.59570929096003,238.93194353194838,101.48484034764716,340.34574310364695
45,287.3109846280808,238.61419220868098,101.1878375207594,340.30933268229103
46,287.3539984596577,238.44979466411465,101.19417435530924,340.25871556710194
47,287.6241906030297,238.70164209150474,101.48739667379637,340.22695751075156
48,287.6187353002122,238.60274834296555,101.73112811409676,340.21186463149337
49,287.4696176241301,238.77676280333472,101.54902308158141,340.1940605062312
50,287.2864899804901,238.48948068009034,101.3375217211149,340.18355956352434
51,287.14225465649093,238.44099884851417,101.04339651016566,340.1658312077587
52,287.2326381133691,238.11537069214435,101.70830124543103,340.1700155456372
53,287.34132748604526,237.8841605188491,103.07663465377057,340.2059677502632
54,287.5055337742095,238.3893137058282,102.28683703595605,340.27077902587695
55,287.3064119099004,238.83905536912695,101.3099572525406,340.2417196234231
56,287.14590753485317,238.52878247508644,100.96458615096661,340.28949836967456
57,287.37601739215756,238.37110687269197,101.4055231192052,340.26261804306495
58,287.50957494587374,238.6527436467778,101.5676541076936,340.2795405746728
59,287.50155259138825,238.93428074209183,101.68056163406847,340.2468849760265
60,287.4115201094132,238.3892296194219,101.56229937929557,340.2224611043155
61,287.4259654454016,238.37106966674605,101.64979124039282,340.1873002791439
62,287.3667464130928,237.86233932079764,102.94075334435409,340.1737676126076
63,287.26008826904905,238.30322459379477,102.05682168037715,340.1767846078546
64,287.09646068763215,238.2764731791598,101.51188835295294,340.20347887221163
65,287.1546810595485,238.08164237713368,101.35611038027702,340.28087485825
66,287.3642156323238,237.86531197447584,101.60960354527606,340.3437333931883
67,287.5409330441044,238.7037394606748,101.76815972918746,340.38449603339035
68,287.4626066547931,238.5030422596393,101.62824222669519,340.3929642658555
69,287.361675293745,238.1905106133497,101.72358037545223,340.328159576327
70,287.5176377130583,238.3737237581868,101.63566004873849,340.26838843065315
71,287.77238266562927,238.473035788315,101.86076005435018,340.23090285213783
72,287.65121905864015,238.44084661006158,101.84258755886255,340.196599227898
73,287.4346339808857,238.41029967532756,101.56392360255332,340.1885972802923
74,287.30003776803045,238.32348023204926,101.41487471097498,340.20353209381676
75,287.382899076225,238.46994148738733,101.21137217106156,340.24513042407506
76,287.4005065358796,238.20564282211066,101.40730597549414,340.300370095155
77,287.64608863732724,238.38035880221287,102.08830288901841,340.34663637410694
78,287.7333400231518,238.65229867489222,101.73330738015443,340.31629674591227
79,287.3540110130023,238.29626263698802,101.82845305343533,340.30098715170806
80,287.24160398780776,237.9941408244515,101.53187321120483,340.30165164999244
81,287.3946453748344,238.4254315980529,101.2510795037257,340.25746376441947
82,287.5008703345571,238.2368108272265,101.72445032676767,340.2254896897864
83,287.66666399192184,238.4759856485778,102.06517705712696,340.21166743896003
84,287.357305449367,238.50968025526072,101.9635341906685,340.22702813191785
85,287.2420997572261,237.98326031238142,101.67582847112398,340.2787982205702
86,287.2886247379744,238.0213877805513,101.60880201872651,340.39143540233465
87,287.5201133129999,238.02983760388125,102.05666148795522,340.39799067216654
88,287.6746345553786,238.28805451542385,102.25814585521958,340.37731996266564
89,287.5538855658818,238.5178585041216,101.95866809436099,340.3719152098658
90,287.2562991956823,238.37067949547028,101.41989140152015,340.3341460162884
91,287.3388025261125,237.74127713808207,101.88804353405065,340.30323352788656
92,287.7029525896161,238.13580977399053,102.35415827706169,340.2668117628448
93,287.71083930793503,238.21348138157325,102.19866887625791,340.23038780753217
94,287.4391693374195,238.55677313532908,101.50589209489692,340.241036892105
95,287.3041480568481,238.03578734840434,101.31432074037718,340.3099772399543
96,287.4010928403782,237.9138462391954,101.7351107951723,340.3421719384157
97,287.7433542860294,238.2480865961589,102.22487679064182,340.4313361979567
98,287.7128394445955,238.92091295599042,101.85473440526367,340.4621952806208
99,287.5004810200158,238.21003431987117,101.73257358920314,340.431809313912
100,287.31135879710075,238.1726143697003,101.6677372411084,340.36697793849754
101,287.51530781326755,237.9291624904064,101.88299971321008,340.28055203769185
102,287.8819725383382,238.4840868045791,102.08949048059573,340.2767375896055
103,287.8654720656161,238.61459522772702,101.99309948735713,340.25135367132617
104,287.4983998683308,238.20825391159215,101.70017523301631,340.2515642373665
105,287.38169431686646,238.1015264249398,101.53636533117351,340.30468769993814
106,287.40868061215485,238.13027016617286,101.8189876382775,340.4213187132936
107,287.67587770813475,238.10083963556477,102.40838922229642,340.5308501703247
108,287.80185143610646,238.58987951231094,102.32055052799443,340.54544388668864
109,287.4196976184222,238.19848208349518,101.97015966393762,340.48437632215513
110,287.3728448426372,237.8466034555688,101.7813555517467,340.44158780480603
111,287.5391618136288,237.81446910802788,102.21249868431471,340.34789882720946
112,287.6442182790847,237.96753629673552,102.50239436175751,340.282306758213
113,287.7376155103571,237.73675187273366,104.00797101471657,340.2599933130399
114,287.1149424731015,237.04673970692906,103.07352914661624,340.2496440419935
115,287.09425425424047,237.323898412953,102.28325947933229,340.2553301499456
116,287.28663772355804,237.64597174204437,102.11739364466973,340.3050900652568
117,287.526291357481,237.74706923545673,102.47516273894114,340.3676371542945
118,287.64901804851417,238.18421839790116,102.21636230791115,340.40009313074836
119,287.2457461945982,237.56259618507931,102.06158478694073,340.4056646131024
120,287.4730746532838,237.6976921261372,102.2141940569121,340.40886023417096
121,287.6547621031113,237.7353535291546,102.55571368323479,340.3538470479686
122,287.7964373512695,237.80976942075952,102.70521748915672,340.3501276729418
123,287.44287612138567,237.81866635797678,102.33322251971258,340.29393749734663
124,287.36035036950653,237.6532501905571,102.43220950541104,340.2663813684878
125,287.42632017134525,237.38983466634826,102.7151935849733,340.2669710180261
126,287.60667924381113,237.38673279250978,102.62933072373868,340.25791351496395
127,287.59546684125326,237.44739950736962,102.72642183107773,340.3164181862315
128,287.33624898641114,237.33532845344405,102.38047050709957,340.4060580678422
129,287.32064449468754,237.10729441114745,102.093586332408,340.481812584404
130,287.68368844597666,237.21605988214296,102.97947348830924,340.46648272681307
131,287.867895332768,237.80671913286002,102.86436999877863,340.47192171480236
132,287.37111119545295,237.0354243559217,103.13055381850792,340.3864912244353
133,287.3213098064249,236.73625318248537,103.24211219813463,340.38420122529396
134,287.4596494482294,236.63009793248546,103.09394666964833,340.28437262182746
135,287.72263902972963,236.84282155853455,103.03035843919326,340.2512033752343
136,287.6057706998501,237.16904634804015,102.78177754352208,340.25519572192997
137,287.58626033718696,236.8081483687073,102.60515472864479,340.27634686789975
138,287.84569118903784,237.2168729328496,102.72254991452333,340.3644202973589
139,288.0984122280605,237.23341761771792,103.04963907446624,340.48414085001866
140,287.85027306855676,237.42108564896463,102.87248745960535,340.4627696676112
141,287.5112506478391,236.39172967151174,103.98638122445715,340.45911352507807
142,287.2165554410828,235.40458541484597,105.55335860644938,340.4189237092106
143,287.43422026985303,235.94511103487574,104.21732393699011,340.3231212956402
144,287.75945139501783,236.62986080517567,103.04039003146171,340.2661554992413
145,287.7043520178761,236.66435483108725,102.9776399959357,340.2550609316375
146,287.9269008311772,236.84218816759656,102.87607081479739,340.2310441401972
147,288.0885707277849,237.16136843915095,102.78016439382054,340.26283182030863
148,287.82900139025907,237.10311025014627,102.51883583317351,340.3541724308664
149,287.5871197846381,236.4352147831786,102.41797963742057,340.42156158486455
150,287.76908750953515,236.41411266524548,102.52804502148729,340.47036659685745
151,288.0847037400237,236.7673272333399,103.05210332112871,340.4500537791203
152,288.15505035733116,236.77281064947934,103.38389137572034,340.4610603610402
153,288.12913109713094,236.99526736076328,103.4052999879608,340.3415304984437
154,288.1518404927684,236.7119864523693,103.14069953179346,340.2887221658064
155,287.8684124911228,236.6079784074859,102.73337635269213,340.2369210088807
156,287.9869668841223,236.32074744858997,102.84243594482473,340.22525981875333
157,288.18475027706603,236.53364416897838,103.34326034262943,340.2027092022948
158,288.2240103679605,236.41761004832986,103.29441966693919,340.1978566175147
159,288.0521240493385,236.82638611713696,102.93848108474667,340.19770089937185
160,287.6842016234605,236.3494645169169,102.39217430535045,340.2411471976662
161,287.84728185440207,236.06405109066552,102.52499432036853,340.30771958098234
162,288.1850176378039,236.65702057612216,102.92434866882634,340.33626953142743
163,288.2761381856032,236.7361794616236,103.01083053785335,340.35202927771314
164,288.01335347641856,236.77283321411815,102.4648545826954,340.3708843335882
