,tas,rlut,rsut,rsdt
0,286.86978224662886,239.80820554968423,99.43391405915561,340.4459916624304
1,286.87676634069993,239.7215762621736,98.96675922968615,340.4459919132598
2,286.9062546693562,239.758877530124,99.10572731560046,340.47717110055396
3,286.8749100358519,239.6506897808754,99.38577078205265,340.44599768233627
4,286.92064585228485,239.49181443305864,99.21718908858627,340.4459916624304
5,286.8551828880832,239.47920565670483,99.13315791299898,340.4459919132598
6,286.9754040827517,239.69059486597618,99.5161782353302,340.47717110055396
7,286.88536661226453,239.41757235592354,99.05671152611302,340.44599768233627
8,286.89524519410855,239.3799347759926,99.42229315352768,340.4459916624304
9,287.1547522139876,239.6284316807577,99.11136944914517,340.4459919132598
10,287.0850748364391,239.87396223558105,99.38847934743745,340.47717110055396
11,286.98602027370504,239.51924191827644,98.8744738853141,340.44599768233627
12,287.14084798734484,239.44269020394108,99.0932562841128,340.4459916624304
13,287.28019802145764,239.84442055062073,99.18730815730684,340.4459919132598
14,287.18828195040345,239.6803694344609,98.82243995458049,340.47717110055396
15,287.2112495317851,239.84736265417646,98.91686430630618,340.44599768233627
16,287.09925737772903,239.1826729970435,99.22043482114191,340.4459916624304
17,287.2008322519799,239.7110599883615,98.96875890444403,340.4459919132598
18,287.1937001546224,239.50348000448255,99.19557934120053,340.47717110055396
19,287.2487073088346,239.32730955359057,99.06341964512654,340.44599768233627
20,287.4196339228382,239.7401206238629,99.40853892287164,340.4459916624304
21,287.2282858652611,239.50197440369485,99.09883926600627,340.4459919132598
22,287.3867114124402,239.58173591321932,98.76525145150272,340.47717110055396
23,287.5621355448684,240.01708545423534,98.96486837308701,340.44599768233627
24,287.3200900143141,239.40193615220994,98.90928708429205,340.4459916624304
25,287.33189220689746,239.3881375247485,98.86151210837168,340.4459919132598
26,287.4265366017493,239.30655936986372,98.73552311965027,340.47717110055396
27,287.5604791510595,239.651173129147,98.92850626070206,340.44599768233627
28,287.54789286574277,239.70611956870718,98.77485560587006,340.4459916624304
29,287.4588197472977,239.39963613013697,98.86204363679234,340.4459919132598
30,287.492425637167,239.5710949923823,98.62521681238394,340.47717110055396
31,287.52722552573846,239.33024843816887,98.73668311132144,340.44599768233627
32,287.51807777718324,239.46003618632275,98.857417840827,340.4459916624304
33,287.5765774661548,239.3666553236034,98.8515772780327,340.4459919132598
34,287.65498927382174,239.55758245916311,98.81108339236734,340.47717110055396
35,287.51205586472605,239.4056438289277,98.69806386869249,340.44599768233627
36,287.69805916564104,239.35894637434447,98.7538080711887,340.4459916624304
37,287.77069911172947,239.64625461526114,98.86026711659889,340.4459919132598
38,287.53786297574067,239.38938340984407,98.51575511661383,340.47717110055396
39,287.57749316071806,239.27731293978755,98.67493948740503,340.44599768233627
40,287.7830679279484,239.62166434510115,98.62028605839977,340.4459916624304
41,287.7351220535905,239.48896095589416,98.59704015026354,340.4459919132598
42,287.8253550711877,239.2730615334433,98.71174125462933,340.47717110055396
43,287.99158199780607,239.69977847582672,98.62378422985337,340.44599768233627
44,287.9245399788635,239.5968125434771,98.61187073171955,340.4459916624304
45,287.89928630672085,239.7232089526033,98.6980943444657,340.4459919132598
46,287.8492679283267,239.37141180820154,98.35990693139247,340.47717110055396
47,287.84713527731697,239.1249221174685,98.48520819259016,340.44599768233627
48,288.01279221626174,239.65529087014397,98.62332385337517,340.4459916624304
49,287.9461096358626,239.11104962074592,98.55717436908043,340.4459919132598
50,287.949894139024,239.64946350764708,98.6673479340767,340.48278583464077
51,287.79841116291203,238.99920921848243,98.51221541313276,340.44599768233627
52,287.9866643200182,239.41519148317104,98.49447456255353,340.4459916624304
53,288.10955208556294,239.54007003993203,98.61025442881127,340.4459919132598
54,288.0282328454523,239.15105158904862,98.29482348499403,340.47717110055396
55,288.2123527631367,239.68246547751232,98.31993491812928,340.44599768233627
56,288.13783845248287,239.42768345662992,98.32907976124385,340.4459916624304
57,288.0047171814801,239.35418600840114,98.24612876160505,340.4459919132598
58,288.2777095440307,239.19518521835244,98.18528134705592,340.47717110055396
59,288.3547934336205,240.00782759156945,98.40567524531116,340.44599768233627
60,288.09898940831016,239.22366274480953,97.97138579904215,340.4459916624304
61,288.21079870772695,239.32828858257975,98.54673520440925,340.4459919132598
62,288.3565422016415,239.4460474233158,98.07816496051726,340.47717110055396
63,288.46697437861195,239.42399501016692,98.27467132986408,340.44599768233627
64,288.40168264728703,239.6337589629709,98.12201140939374,340.4459916624304
65,288.36157820192096,239.00999496668985,97.97674328529672,340.4459919132598
66,288.4894502566812,239.60963894369823,98.25991266803011,340.47717110055396
67,288.58942720596104,239.45898245197452,97.89660395792087,340.44599768233627
68,288.5780418082459,239.59357002989884,98.0613210808741,340.4459916624304
69,288.5345568513217,239.31047400905663,97.91526995097121,340.4459919132598
70,288.6819899929026,239.71549199839112,97.90610276936182,340.47717110055396
71,288.7396203446061,239.69704573121786,97.83676383658631,340.44599768233627
72,288.6225478916952,239.30450230428616,97.91064720676371,340.4459916624304
73,288.7501499123769,239.5410098977285,97.73672343214896,340.4459919132598
74,288.82461130944756,239.59459298555967,98.06801109105511,340.47717110055396
75,288.76056694135275,239.41079206074755,97.5088708328874,340.44599768233627
76,288.80568312553515,239.60660454736993,98.01055709629844,340.4459916624304
77,288.8155248354559,239.24081182610496,97.78572341709922,340.4459919132598
78,289.0925511427916,239.74354582406136,97.85991408134419,340.47717110055396
79,289.09589810306073,239.6133781955667,97.73204303898223,340.44599768233627
80,289.0648009417808,239.78324083302118,97.55036466415613,340.4459916624304
81,289.0999543490475,239.7457440519986,97.50323937821061,340.4459919132598
82,288.97724639392294,239.4899628852886,97.64073643918897,340.47717110055396
83,289.12666968776756,239.79654900537778,97.70126169283098,340.44599768233627
84,289.1409425500321,239.44586235986995,97.32346072262281,340.4459916624304
85,289.22251419694453,240.00890745398115,97.55776310750883,340.4459919132598
86,289.06555075723617,239.2960241765924,97.37309542379745,340.47717110055396
87,289.31680013578233,239.54056597147905,97.42698357987076,340.44599768233627
88,289.4578590706603,240.17889876692263,97.63639549359884,340.4459916624304
89,289.21961619756,239.42382540768142,97.19490534116146,340.4459919132598
90,289.4403522262157,239.67628337255596,97.01994665594047,340.47717110055396
91,289.6082116531999,240.4142571018167,97.37743956683431,340.44599768233627
92,289.4432956643301,239.71153476662835,96.8526589589576,340.4459916624304
93,289.6189354465433,239.54937192315924,97.2812649034474,340.4459919132598
94,289.74158415247183,240.37918770378403,97.10651631172891,340.47717110055396
95,289.6084164136077,239.61053433352956,96.91169648888992,340.44599768233627
96,289.86551806306187,240.5039184570313,97.10797919704491,340.4459916624304
97,289.63848843509203,239.877773420778,96.98607206997804,340.4459919132598
98,289.82771234564444,239.82130703118324,96.82193962472384,340.47717110055396
99,290.0758978020655,240.58624844485766,96.81916863428403,340.44599768233627
100,289.94779010929466,239.9639664741412,96.99080754110258,340.4459916624304
101,290.01511138497966,240.2148004819269,96.86712502257463,340.4459919132598
102,289.9813255768656,240.08807068704905,96.30974130682607,340.47717110055396
103,290.2341641360766,240.3940406694804,96.90554696697079,340.44599768233627
104,290.25105398517763,240.22717101214684,96.5679697324152,340.4459916624304
105,290.2813313523384,240.3486414243097,96.54602723840166,340.4459919132598
106,290.29703542573856,240.2768774814293,96.37441507975261,340.47717110055396
107,290.4517527959118,240.57026981719548,96.56924141661761,340.44599768233627
108,290.4120442429634,240.38567642838987,96.31751150888941,340.4459916624304
109,290.49532805142337,240.72105290661116,96.42353526076225,340.4459919132598
110,290.48346314143606,240.35388775601413,96.18130226343708,340.47717110055396
111,290.72085086352206,240.609478592546,95.97805225947131,340.44599768233627
112,290.7751522534514,240.81510837502674,96.1362100470556,340.4459916624304
113,290.66171582365695,240.48674583957617,95.88442619010193,340.4459919132598
114,290.728285575825,240.46714178199974,96.53897336532508,340.47717110055396
115,290.78091305249353,240.49626832726884,95.9372356467051,340.44599768233627
116,290.8728484689373,240.88951737913362,96.17264195272368,340.4459916624304
117,290.7909246575343,240.60888964509311,95.72641574389314,340.4459919132598
118,290.9752800946678,240.42362300685193,96.16275922848227,340.47717110055396
119,291.04149378946386,240.87809974983944,96.19759124337811,340.44599768233627
120,291.13026532734915,240.45878199747165,95.89311249615395,340.4459916624304
121,291.19406897139874,241.26005131969714,95.92143255782453,340.4459919132598
122,291.1914367675781,240.63373674069598,95.49583145308365,340.47717110055396
123,291.380115916631,241.26058663146136,95.70572192048373,340.44599768233627
124,291.33549729438676,241.03539299115744,95.04214724187982,340.4459916624304
125,291.4371592064426,241.1445916162778,95.47529158918825,340.4459919132598
126,291.4617503848884,240.95940269928818,95.74793722851028,340.47717110055396
127,291.5399941640357,241.14015369154,95.53979245538581,340.44599768233627
128,291.4234503759097,240.83635274808702,95.39211379795859,340.4459916624304
129,291.6699278949058,241.1203071071677,95.30114973930462,340.4459919132598
130,291.63485034046283,241.71338140769083,95.31919456440244,340.47717110055396
131,291.41744493458367,240.79223967251713,95.04743604268111,340.44599768233627
132,291.69362132451306,240.75391824800673,95.31562205275445,340.4459916624304
133,291.8331213546126,241.51671941051742,95.48543768059717,340.4459919132598
134,291.8113623447105,240.9346134623543,95.12719570222448,340.47717110055396
135,291.86807852967144,241.43578884177018,95.36094801393274,340.44599768233627
136,291.8307338766856,240.8442320105148,95.14862982344954,340.4459916624304
137,292.17722460603056,241.49349979766427,95.1912736030474,340.4459919132598
138,292.036379037659,241.35801834356587,94.89592300998709,340.47717110055396
139,292.01802351442103,240.9262368816219,94.9601280943988,340.44599768233627
140,292.07105336646515,241.5536241923293,95.12574469161359,340.4459916624304
141,291.9807701633401,240.89066642865745,94.8052554822948,340.4459919132598
142,292.2170958805606,241.23280209400616,95.18611357642,340.47717110055396
143,292.30934582017875,241.14672918450344,94.92372507591772,340.44599768233627
144,292.3979166945366,241.50367080479452,95.10623764665159,340.4459916624304
145,292.39540597575984,241.0938276317022,94.85191828061456,340.4459919132598
146,292.58403848950337,241.90007064902716,94.91041444038433,340.47717110055396
147,292.33557572038205,241.13217296861617,94.60418592479131,340.44599768233627
148,292.60834241893195,241.32293186971586,94.66406137126768,340.4459916624304
149,292.5760756401167,241.89469901306992,94.77616572967948,340.4459919132598
