,tas,rlut,rsut,rsdt
0,1.8885203543444504,0.5480002263553843,-1.494760013749115,0.08231592738241034
1,1.9296437283459795,0.3592983688160416,-1.6865395850778668,0.005592296339727909
2,1.9708768138035566,0.2728810680553124,-1.8078237563249502,-0.014745003462337536
3,2.1171202433769736,0.7549833211657528,-1.7217495011546333,-0.027374088257886342
4,2.1788361778905028,0.7145850845380721,-2.1259056982396345,-0.026858151055364488
5,2.3273984656215134,0.8423274123407793,-2.060181974202692,-0.018238601522114095
6,2.3419362031100377,0.8269046335088603,-2.14067360240783,0.04387045298796011
7,2.3531117927290666,1.0360433272944363,-2.0702778709852225,0.12076849782243926
8,2.2219017712255322,0.6466837758420354,-1.8103850706391427,0.17452930352555995
9,2.2742620304998695,0.7056532382638068,-1.9564722822913296,0.18658612293842225
10,2.4431217723045506,0.9183475119781974,-1.990067175066713,0.14713539627405225
11,2.484602442827054,0.7904092105094094,-2.0866330385238285,0.10386052401565848
12,2.696622807115773,1.294517809774618,-2.2459122141501098,0.05814448144241169
13,2.5774914777269373,1.168922394238507,-1.97352561761015,0.02707617264172768
14,2.533411479220945,0.8507230666062924,-2.0492275206968316,0.003746066086250721
15,2.67602730588294,1.0612466736545798,-2.4522280590487924,-0.015999591695845083
16,2.663901305229956,1.3364209787299615,-2.339861444623267,-0.03474844839558955
17,2.6616611836166157,1.0618906696817305,-2.2548184807437934,-0.03242319238580649
18,2.602909380027995,0.6267649138489162,-2.3466882160776947,0.002020052284194662
19,2.8062094789247567,1.3015391961685907,-2.497772281319669,0.07850237576923291
20,2.7951266080021924,1.1562726278047535,-2.1865500348938838,0.08701292105314451
21,2.6985195319993522,1.065211467615626,-2.0225342831704154,0.13191416697071645
22,2.7626896519496995,0.9145558524611772,-2.7266904118126547,0.08882230078808107
23,3.0326085258778335,1.5990188439464532,-2.886475695531473,0.08734865587871354
24,2.9457374236691862,1.1428332544253976,-2.6565628324658377,0.0485339916316434
25,2.9706418469216374,1.307146102921621,-2.7348763051790144,0.0033971186333587866
26,3.031229425835704,1.2779428672846507,-2.7426274672082798,-0.036268827464311926
27,2.8928346831229987,1.1454438213872322,-2.5376113523953734,-0.04935451443270722
28,2.956415353798377,1.1849392701640795,-2.7299434795927056,-0.04545683914773235
29,3.0223412349014893,1.259168585212052,-2.8950984664245425,-0.025044984636110712
30,2.948747353653573,1.1910829007776442,-2.5158016628750204,0.04084971676013538
31,2.882931039137361,1.004421555423363,-2.41070109638207,0.09119104367562159
32,3.154731026036643,1.3305469316134122,-3.1188716454141883,0.14640062700613043
33,3.2949264391508564,1.441815017660474,-2.8249305846842248,0.1528920232068458
34,3.2669435113514282,1.3575773399024058,-2.670225698211695,0.10876194649756599
35,3.3069475903025705,1.6618367299635395,-3.0696445297533757,0.04925854742083402
36,3.1706407832541004,1.3154465405027906,-2.945725118016668,0.01718702382123638
37,3.191963838074514,1.3349466909336911,-2.9308311064358605,-0.01596673770995949
38,3.2589400897787755,1.2576750900417153,-3.0023634111818325,-0.04107220733908434
39,3.4475336847149833,1.8741317727603644,-3.4562532522647444,-0.03498341491751944
40,3.426133044723315,1.7295739750897496,-2.9248117835527694,0.006014195820057466
41,3.311404968052898,1.498849736141267,-3.3535595140379115,0.0538490484031513
42,3.5969959660551467,1.866280432637211,-3.3237487958490988,0.05763660685437344
43,3.548905405817436,1.5784820366192491,-2.974175438746343,0.0648718283438825
44,3.5513864503306536,1.8009102090630051,-3.4567319677655917,0.07625128439497075
45,3.6638160846769097,1.7213477385849956,-3.5945637533820474,0.039396295519850355
46,3.724660580098657,1.8337782833587255,-3.2650553805203657,-0.0037628265505418312
47,3.708159728849523,1.8648537483281586,-3.6888619999128878,-0.029835941326609827
48,3.9282488195498786,2.1520545476553536,-3.745818310885582,-0.04092447968031365
49,3.899701613072409,2.0829182806541837,-3.785793846576354,-0.04414507194366024
50,3.85324988313414,2.0653266577540705,-3.74956609500569,-0.035706259908806715
51,4.027417976822619,2.0771757490803964,-3.9173190592420895,0.014776000061317518
52,4.134742535770613,2.251710702313005,-3.503675915940846,0.0665402614452546
53,3.921670845278527,1.834025782222028,-3.373530520640884,0.09576512757632827
54,3.961982461083551,2.206541797870443,-3.731323776970015,0.08951232712041701
55,4.015413221077608,2.07741336161385,-3.742209277572016,0.057323516093106264
56,4.111692952260569,2.4177668551467093,-3.904238927611047,0.014025626847626427
57,3.976781775188158,2.178354312288576,-3.619881093671154,-0.0011619417288670775
58,3.986958025447734,1.901506739121828,-4.114228646684282,-0.021574132567820925
59,4.242905893024954,2.3617152619476087,-4.14898825263586,-0.04486274772733623
60,4.288617084448163,2.5236157948644973,-4.008857023286268,-0.053999843711267204
61,4.148315022379961,2.0573941080840825,-3.8749011944116347,-0.0631865313824278
62,4.224484703636847,2.430823155670936,-4.063453911247308,-0.054139878610214964
63,4.402923482658309,2.6136813870903666,-4.1527269962965505,-0.02208349784609709
64,4.270776847310174,2.4702750633438484,-4.164379151884404,0.018741257509816478
65,4.267499213033943,2.388325323256879,-3.7775522972073503,0.04464560398952244
66,4.262642660105939,2.6821205536485024,-4.0852082666519465,0.042908610513620715
67,4.318018324502759,2.3566608072843565,-4.034384536851405,0.04711729844262891
68,4.329473492475017,2.3964881764667325,-3.439594947809212,0.024800505519010585
69,4.3567454771341545,2.480267193162689,-4.1096967903416015,0.0067393903697166024
70,4.418947279814631,2.4697566965283215,-3.8016152376022063,-0.03117544175745479
71,4.395411016283958,2.5827037375299255,-3.9503234642582186,-0.05567519941178034
72,4.4954737205628135,2.4626423585171437,-4.221824721993826,-0.05981625693573278
73,4.490957546306674,2.5319968936893815,-3.682261935451919,-0.05666760391147818
74,4.390793625654624,2.5936871974455187,-4.269532987648589,-0.02888087488980773
75,4.3633200267635175,2.53318092818472,-4.258663461546476,0.026266511738526788
76,4.5318852970070225,2.667279751050529,-4.168736083446788,0.06018975800992621
77,4.571373894749627,2.7984471595991636,-4.032671633685155,0.11448464508015377
78,4.422534940086734,2.6248493490153635,-4.212829410730308,0.10168521701660893
79,4.510157137879787,2.5873016531557482,-4.067345516387235,0.06149897603904719
80,4.459362084251325,2.729346668316765,-3.911382081052082,0.01798610213734264
81,4.301302562854744,2.3436318627862818,-4.0409984253976745,-0.015737849157858363
82,4.59148265929332,2.567215678750017,-4.16995800229455,-0.030945267590823278
83,4.54327700223007,2.9226351608623133,-3.951715400091487,-0.04420356325761077
84,4.400357261214822,2.502338527575546,-3.8859960971480803,-0.02897770297244051
85,4.315068691242743,2.266519246252443,-3.84868438989146,0.0040721062719057954
