,tas,rlut,rsut,rsdt
0,286.99338961996176,239.40227497402427,100.34821568873959,340.2233080011988
1,286.9314361889017,239.11398653766648,100.81685025202995,340.2233080011988
2,287.19131874545354,239.61692333778032,100.44480501400072,340.2392703179717
3,287.09084146392564,239.5303161423041,100.47824309213381,340.2233080011988
4,287.0533086523991,239.5870513345328,100.54135385315983,340.2233080011988
5,286.88220061612617,239.15678994287373,100.75414348653284,340.2233080011988
6,286.8919384801923,238.8706554767248,101.08448963319341,340.2392703179717
7,286.9128454220925,239.10706885847807,100.14162320985322,340.2233080011988
8,286.93693843990235,239.28660204915118,100.6396733810398,340.2233080011988
9,287.01400231822646,239.42078830206808,100.467104572067,340.2233080011988
10,286.9964555202318,239.3110946994262,101.15091056676427,340.2392703179717
11,286.9730223964362,238.97944036033277,101.11504562342243,340.2233080011988
12,286.84293541347364,239.17264225081928,101.25196953971528,340.2233080011988
13,286.758713074601,239.06042345418635,100.49902694920208,340.2233080011988
14,286.8462271595773,239.09073873246209,100.39358111370676,340.2392703179717
15,286.9795095714294,239.20084658078858,100.67732295416438,340.2233080011988
16,286.9312557947829,239.15967188594036,100.97178870254385,340.2233080011988
17,286.90683946786675,239.24607240925502,100.78375303226564,340.2233080011988
18,287.02121479846267,239.27134368169223,100.29908574037665,340.2392703179717
19,286.8723796053528,239.2084434349396,100.51154051205897,340.2233080011988
20,286.79900993103473,238.95586883112696,100.95382326650356,340.2233080011988
21,286.88958273616987,239.0286302889531,100.55071773057945,340.2233080011988
22,286.91815720278635,239.1618424743949,100.71239635158399,340.2392703179717
23,286.9735284287258,239.302989667058,100.38605538123875,340.2233080011988
24,286.94346428894636,239.2084222356708,101.05712706686235,340.2233080011988
25,286.925675398106,239.34898803571835,100.90687086708273,340.2233080011988
26,286.7435689728269,239.02301018433317,100.84727446233673,340.2392703179717
27,286.86454617068387,239.17541273025833,100.57938448137467,340.2233080011988
28,286.85980669453045,239.10520993282685,100.91144022060767,340.2233080011988
29,286.91614733861076,239.11953024768385,100.53587940319183,340.2233080011988
30,286.9335185056921,239.2936779492617,100.59992895471053,340.2392703179717
31,286.96275043975896,239.25065252421527,100.64219118852138,340.2233080011988
32,286.9104270000515,239.4031997544681,101.02961215867988,340.2233080011988
33,286.7857857423526,238.94123288804178,100.98552927821163,340.2233080011988
34,286.8565918568842,239.11434827987765,100.38011697792308,340.2392703179717
35,286.94273488517405,239.27833332943703,100.57491636408945,340.2233080011988
36,286.95498335656737,239.03142282498462,101.00121987647076,340.2233080011988
37,286.90128808944945,239.23127968433678,100.86453517548318,340.2233080011988
38,286.785450348317,239.0915170337604,100.41769267654381,340.2392703179717
39,286.78463441599234,239.0034748846092,100.37942748998346,340.2233080011988
40,286.89831824316695,239.26564286764597,100.76795365269726,340.2233080011988
41,286.88376118212454,239.15231239821784,100.80769433344021,340.2233080011988
42,286.92523498085615,239.22532402412583,100.62306184239668,340.2392703179717
43,286.9537331728439,239.49946578917923,100.79210399107797,340.2233080011988
44,286.9023101899905,239.19623088495598,100.51240238670846,340.2233080011988
45,286.84194483162474,238.96103548146846,100.52491175798632,340.2233080011988
46,286.83651244438676,239.25066489946255,100.58923872299344,340.2392703179717
47,286.9624358079378,239.2502750155525,100.71095291802696,340.2233080011988
48,286.98777420021264,239.3384245078233,100.40920561502615,340.2233080011988
49,287.1651354460618,239.42022085228328,100.8642897141158,340.2233080011988
50,287.20492812528124,239.67099325113574,101.42485925914195,340.2233080011988
51,286.79694140202395,239.31316960876975,101.26592597755716,340.2233080011988
52,286.6170104484874,238.6724886165728,100.44394810249595,340.2233080011988
53,286.94314400464935,239.19860709304044,100.3061477611396,340.2233080011988
54,286.8648701510933,239.12208709792776,100.79451857799698,340.2392703179717
55,287.03819064395407,239.2426533348458,100.60116312796556,340.2233080011988
56,287.0159669775822,239.37613902153728,100.93081754445136,340.2233080011988
57,286.91278001064546,239.294614275767,101.11602698549727,340.2233080011988
58,286.71289083315315,239.04479884569298,100.35976334394246,340.2392703179717
59,286.7856106465679,239.09512625708132,100.3237026444774,340.2233080011988
60,286.93870050196983,239.27908681173005,100.38634538025921,340.2233080011988
61,286.9596100987257,239.39373515596364,100.10245662158137,340.2233080011988
62,287.0062575591662,239.40200412442292,100.5594390364467,340.2392703179717
63,286.9917736073686,239.55928972470653,100.29750112730024,340.2233080011988
64,287.0146567180039,239.3013076075223,100.60134034872563,340.2233080011988
65,286.9151950683624,239.3444125649777,100.3071524193254,340.2233080011988
66,286.89337063267743,239.0913668379093,100.8423873974487,340.2392703179717
67,286.89487166368775,239.2271074975296,100.45828855824946,340.2233080011988
68,286.9405110327629,239.23283256792766,100.54248714084066,340.2233080011988
69,286.95478733282374,239.3859299735312,100.5209102764033,340.2233080011988
70,286.96411342610946,239.49076518587245,100.16042019350128,340.2392703179717
71,286.9560094172496,239.39923426682824,100.34426667245377,340.2233080011988
72,286.9850345665509,239.14488747384522,100.96118638899956,340.2233080011988
73,287.21198534154195,239.48454067821922,100.30897692294162,340.2233080011988
74,287.23018175124065,239.90281490754285,100.51791791639367,340.2392703179717
75,287.0025631880327,239.6071881499827,100.21619508573222,340.2233080011988
76,286.97419329380824,239.33029160748845,99.88652894255758,340.2233080011988
77,287.02145993251884,239.32212231069423,100.46466265921191,340.2233080011988
78,286.97830849250454,239.41489186074094,100.71046708587407,340.2392703179717
79,286.8975876774963,239.13983221713826,100.80786828042545,340.2233080011988
80,286.983075643858,239.48960064182077,100.21166110335902,340.2233080011988
81,287.06693093355995,239.58729878208104,100.59725065185474,340.2233080011988
82,286.8385678765655,239.02828527187717,101.56077648919842,340.2392703179717
83,286.7863885069833,238.8128896884597,101.15928414808018,340.2233080011988
84,286.846044255335,238.91694213534745,101.05409985788795,340.2233080011988
85,286.8318033762798,239.11883884120445,100.78737300499353,340.2233080011988
86,286.8895240457074,238.94751204702501,100.58008843350274,340.2392703179717
87,286.96947432347383,239.39206910437667,100.80600879332144,340.2233080011988
88,286.77897006507857,238.9991818949827,100.60034720746091,340.2233080011988
89,286.84085031081037,238.96270874794638,100.39446497539844,340.2233080011988
90,286.9610551302065,239.11179608740008,100.62130450475208,340.2392703179717
91,286.80615206683933,239.2254330285849,100.746272305942,340.2233080011988
92,286.8522383508611,239.09257016842994,100.4268256660174,340.2233080011988
93,286.98020642943715,239.4288902054125,100.69756146971105,340.2233080011988
94,286.9084802719131,239.18440999382548,100.35660286348623,340.2392703179717
95,287.0632376424471,239.45016088077773,100.80093628214836,340.2233080011988
96,286.86206270768173,239.13359787462437,100.50312861272899,340.2233080011988
97,286.93981138964597,239.32732265215466,100.89302266957252,340.2233080011988
98,286.88360359212936,239.22193420541365,100.78292942350566,340.2392703179717
99,286.90453794059084,239.23159908260072,100.38600093207299,340.2233080011988
100,286.8190236382141,239.12481522206147,100.6375070981825,340.2233080011988
101,286.86336771437374,238.9547186698284,101.10854046538232,340.2233080011988
102,286.90252766255895,239.32377886499614,100.70405871431915,340.2392703179717
103,286.8613082578248,238.968200413599,100.84543395356489,340.2233080011988
104,286.80672203710935,238.9669660890661,101.46564674859411,340.2233080011988
105,286.85892706608786,239.18511399040935,100.33287231256433,340.2233080011988
106,287.0333346124269,239.1998179499243,100.53439961718327,340.2392703179717
107,287.00579267054457,239.5388733677115,101.06276504695262,340.2233080011988
108,286.84905767027044,239.0273539670748,100.92313303435397,340.2233080011988
109,286.68141551951595,238.60987540329984,100.88112078229328,340.2233080011988
110,286.9296095043871,239.25386219165907,100.77388423426702,340.2392703179717
111,286.7940928838182,239.12345708356713,100.67402858323887,340.2233080011988
112,286.8144836938514,239.19882924004966,100.77091655517837,340.2233080011988
113,286.8081109562066,239.24295333623647,100.9863811986641,340.2233080011988
114,286.778537767935,239.16688819241983,100.82382061344606,340.2392703179717
115,286.75278604290116,239.18049417832063,100.83119226838805,340.2233080011988
116,286.5661688275503,238.5868065970774,100.94039647191813,340.2233080011988
117,286.8782350188091,238.9892506198296,100.74668577257142,340.2233080011988
118,286.91953116048245,239.3574162677467,100.241134732474,340.2392703179717
119,286.96366579168506,239.25669646039623,100.59891330817133,340.2233080011988
120,287.01602723430875,239.32259577742687,100.71262230759596,340.2233080011988
121,287.0273078206529,239.37633082820227,100.86755387323065,340.2233080011988
122,286.88592160445506,239.2602880972015,100.89986978095533,340.2392703179717
123,286.84217607315554,239.06176675856184,100.62919492419023,340.2233080011988
124,286.86858999519086,239.14495655998857,100.59785802895753,340.2233080011988
125,286.95831026637666,239.13231168564457,100.90267215694566,340.2233080011988
126,286.92993555021866,239.17855355554096,100.68530949705023,340.2392703179717
127,286.92748622207023,239.14198270748727,100.98325957981426,340.2233080011988
128,286.8232183224873,239.07705960492137,100.83959813281778,340.2233080011988
129,286.8990922019278,239.08793862472479,100.60688718223723,340.2233080011988
130,286.8619452459863,239.2633782434162,100.70760933214608,340.2392703179717
131,286.86503183665576,238.97441690934977,100.20891520614441,340.2233080011988
132,287.08987364645446,239.4285445250401,100.28460459963877,340.2233080011988
133,286.8993740162792,239.253648406661,100.48177520759951,340.2233080011988
134,286.95601722861846,239.21552367674295,100.51533992180732,340.2392703179717
135,286.980048178432,239.30107052954736,101.12161612038216,340.2233080011988
136,286.7620714692186,238.97069721517713,100.85194799769914,340.2233080011988
137,286.85118423438286,238.95618322682353,101.06416106230819,340.2233080011988
138,286.8572957387867,239.02099796642028,101.22342775307892,340.2392703179717
139,286.9384819747042,239.25078674896386,100.82595307287686,340.2233080011988
140,286.8097637715628,238.8928401362026,101.21093879100972,340.2233080011988
141,286.8051705046388,239.17463990730047,100.85025364611768,340.2233080011988
142,286.7620614162768,238.871572591544,100.4255987126373,340.2392703179717
143,286.8128100611686,238.96750701421834,100.58821262138086,340.2233080011988
144,286.9818227512553,239.38266532235016,100.43442800735828,340.2233080011988
145,286.9341257911793,239.3108977945091,100.28906933225683,340.2233080011988
146,286.93535152409896,239.51390820883776,101.03996021238419,340.2392703179717
147,286.9406098815172,239.27080602305568,100.45785913086884,340.2233080011988
148,286.930997533665,239.2512780029416,101.16562016609697,340.2233080011988
149,286.927351753476,239.25425686129748,100.57409609588082,340.2233080011988
150,286.89988906684135,239.2181583163425,100.96975194375744,340.2392703179717
151,286.8215745559217,239.32516018322212,100.72838560813238,340.2233080011988
152,286.90573756802735,239.16243965429285,100.64984078790387,340.2233080011988
153,286.8693926873098,239.1830602200209,100.63003963650772,340.2233080011988
154,286.9551628753655,238.97560106408605,100.72368449693955,340.2392703179717
155,287.12844588865374,239.64071665740144,100.4231095966582,340.2233080011988
156,287.06022865914537,239.52422721597642,100.7313516050502,340.2233080011988
157,286.9279753680228,239.37105152497577,100.77767017237977,340.2233080011988
158,286.7488569608501,239.06890282484403,100.69974825485065,340.2392703179717
159,286.8409696959042,239.12145198517032,100.29023028816529,340.2233080011988
160,286.83734142192264,239.0073962470856,100.68211599850984,340.2233080011988
161,286.955444025948,239.0744855373059,100.51457268662466,340.2233080011988
162,286.9959196325968,239.25692513002446,100.58371750206034,340.2392703179717
163,286.94187744897664,239.2539761777999,101.15847492248183,340.2233080011988
164,286.76549560509426,238.93577694032663,100.77718621527481,340.2233080011988
165,286.8373492289141,238.90883421595683,100.52672141223628,340.2233080011988
166,286.8857364859179,239.1390174767214,100.9473297145401,340.2392703179717
167,286.905871302638,239.46891743765343,100.6628766591311,340.2233080011988
168,286.91398749174954,239.25268088276212,100.18298840744876,340.2233080011988
169,287.0440280485643,239.19931978124677,100.59835608646047,340.2233080011988
170,286.9224409321422,239.16958381665083,100.53232518416297,340.2392703179717
171,287.0559014183984,239.40736570427342,100.51429091603693,340.2233080011988
172,287.0712623401699,239.32603191614032,100.70654464372625,340.2233080011988
173,286.9476141861581,239.28967414693537,100.79391370575642,340.2233080011988
174,286.9271009507287,239.22201512806996,100.86101963650367,340.2392703179717
175,287.0353211650913,239.411917832002,100.64122023618889,340.2233080011988
176,286.86251501349665,239.3319489953261,100.4718873727163,340.2233080011988
177,286.90130276166354,239.16225315964172,101.02643766304756,340.2233080011988
178,286.75213527602034,239.0008902039739,100.98701795616437,340.2392703179717
179,286.79398807921086,239.04046781851267,100.71977874181461,340.2233080011988
180,286.83030550710316,239.07619552340682,101.51980064669704,340.2233080011988
181,286.77889622113753,239.08655695294658,101.18784245467839,340.2233080011988
182,286.8008964283004,238.91459414307084,100.68145509143476,340.2392703179717
183,287.0014020990031,239.13248359894098,100.7607662695429,340.2233080011988
184,287.1130378591491,239.53081418437444,100.71477194521584,340.2233080011988
185,286.8006727174538,239.331907929234,101.04915125466898,340.2233080011988
186,286.68010537203304,238.68129692157333,100.85480925383881,340.2392703179717
187,286.8493371863267,239.03394524653152,100.30406883136068,340.2233080011988
188,287.0376946995123,239.02106104389645,100.78520917383081,340.2233080011988
189,286.85143916968207,239.29414701441013,101.12168582694783,340.2233080011988
190,286.83314590529716,239.27344419979386,100.51685189199021,340.2392703179717
191,286.82540230231257,239.07254442897897,100.71080994359754,340.2233080011988
192,286.7632151405137,239.13288881251572,100.65361154027909,340.2233080011988
193,286.8694010081933,239.15419175754712,100.58856286000396,340.2233080011988
194,286.8899245635469,239.02446185228928,100.83373235303382,340.2392703179717
195,286.8908257516107,239.10331926255526,100.42133330922961,340.2233080011988
196,286.8897278824267,239.18065991214144,100.2561187878142,340.2233080011988
197,287.06292392828635,239.54091773196413,100.5671855528921,340.2233080011988
198,287.0123542964538,239.32535746396968,101.06280651749411,340.2392703179717
199,286.97166677515,239.2162915226256,101.13108973831369,340.2233080011988
200,286.88816503152833,239.39417978861107,100.36551006191091,340.2233080011988
201,286.7763097059635,238.98008888561108,100.7548657507811,340.2233080011988
202,286.91314924122224,239.06588283170416,100.44364542886585,340.2392703179717
203,286.9590179667874,239.4156003053371,100.63228642484712,340.2233080011988
204,286.8698086433608,239.2137322646938,100.45963885926824,340.2233080011988
205,286.9133723780607,239.1246408779839,100.95942088838872,340.2233080011988
206,286.8651589349056,239.38585661582906,100.23188927750236,340.2392703179717
207,286.87054577022496,239.19133963995856,100.6999396607139,340.2233080011988
208,286.82068384631737,239.1402940884609,100.97493501332387,340.2233080011988
209,286.7905170257809,239.21367244936957,100.43099718514675,340.2233080011988
210,286.9330839869531,239.24497550196077,100.7470588764026,340.2392703179717
211,286.9417783512425,239.46683260251632,100.4527803492306,340.2233080011988
212,286.7785190303453,239.15366828481444,100.75455713439452,340.2233080011988
213,286.7528373187107,238.91712323477034,100.73164849123754,340.2233080011988
214,286.87173069416923,239.0901346281233,100.39420129104776,340.2392703179717
215,286.86710278299677,239.17905378884947,100.65725583455611,340.2233080011988
216,286.8124212524786,239.02646984741466,100.606036911194,340.2233080011988
217,286.8422729360663,238.94744228632476,100.7856548170459,340.2233080011988
218,286.9480982935857,239.3183331431213,100.97040338353509,340.2392703179717
219,286.9617640384592,239.2048105182832,100.80531976261852,340.2233080011988
220,286.7704547771868,238.91937662180848,100.91308598184763,340.2233080011988
221,286.85714202972207,239.01116547384004,100.99269121017316,340.2233080011988
222,286.97403345183335,239.31134528324992,100.6536124143051,340.2392703179717
223,286.9235119422601,239.2779685536908,100.5419936946434,340.2233080011988
224,286.97553516094393,239.54475840094094,100.14557782424423,340.2233080011988
225,286.93979161720773,239.25713546732393,100.78922983957646,340.2233080011988
226,286.87701336825535,239.14989933659965,100.7175588712285,340.2392703179717
227,287.0731925759206,239.51547733053587,100.40042836493866,340.2233080011988
228,287.0566193811965,239.48137501951746,100.81772397910306,340.2233080011988
229,286.8451631455954,239.29725843973844,100.27037183173827,340.2233080011988
230,286.85976210380295,239.11370058172224,100.66173133056549,340.2392703179717
231,286.9557158964898,239.2359487573453,100.70317208275355,340.2233080011988
232,287.0254511695727,239.39450272118646,100.37466379415406,340.2233080011988
233,286.9600612016941,239.3856748702752,100.5766692005463,340.2233080011988
234,287.0535882684928,239.29538187891447,100.71429234593023,340.2392703179717
235,287.1522924107836,239.72661044200808,100.21337641333469,340.2233080011988
236,286.94248911517064,239.33914666200738,101.06082428901918,340.2233080011988
237,286.78485143815243,239.17994242069673,100.4359593057605,340.2233080011988
238,286.8058060293069,239.14145353378544,100.52611894795037,340.2392703179717
239,286.82547051771036,239.2276249630211,100.21900486756135,340.2233080011988
240,287.02044740059074,239.34032343141394,100.07477176074434,340.2233080011988
241,287.0472202309274,239.38633491111136,100.84443470645778,340.2233080011988
242,286.8638698514954,239.19529144711385,100.90502279996063,340.2392703179717
243,286.81396301719764,238.98724261037464,100.81280302833306,340.2233080011988
244,286.8141384168685,239.1328058187198,100.62198249989399,340.2233080011988
245,286.8762537413455,239.26469920886757,100.60838801196809,340.2233080011988
246,286.69576896404334,239.12068919640618,100.87274288420406,340.2392703179717
247,286.6211395255045,238.74519056424876,100.73620341673019,340.2233080011988
248,286.7089579147981,238.6741468158522,100.7463190257019,340.2233080011988
249,286.7802305528094,239.1545130392977,100.59740289681027,340.2233080011988
250,286.92040094042756,239.27732338439932,99.72788724897595,340.2233080011988
251,287.0000717553844,239.25421015923789,100.81268072122059,340.2233080011988
252,287.02660849479844,239.52968925650714,100.78630564557899,340.2233080011988
253,287.01753770261047,239.62299519348713,100.44740375920655,340.2233080011988
254,286.9618166815782,239.50803089316113,100.16444555056586,340.2392703179717
255,287.0182936683324,239.41618192977884,100.44152063606704,340.2233080011988
256,286.9240203134612,239.1550202274427,101.07566152507344,340.2233080011988
257,286.8431010426711,239.0570509292603,100.78129971204895,340.2233080011988
258,287.0243821547363,239.54014511806903,100.18321655266186,340.2392703179717
259,287.07835348620006,239.63026827218278,100.86524336214791,340.2233080011988
260,286.77223728652683,239.32470388201304,100.83691950553073,340.2233080011988
261,286.7132971447336,238.8685744960942,100.65122861681637,340.2233080011988
262,287.0638756545099,239.27673023453465,100.58832213286082,340.2392703179717
263,286.9306352025688,239.38348107295272,100.80048426141325,340.2233080011988
264,286.9090569811755,239.15374703280222,100.84010439680101,340.2233080011988
265,286.8961950898691,239.42384958905905,100.78608043143659,340.2233080011988
266,286.72312186408107,239.21038459220688,100.1704756464486,340.2392703179717
267,286.8185517458873,239.08397452307528,100.59435195941815,340.2233080011988
268,286.7679579464085,238.9970337814258,100.52442755035595,340.2233080011988
269,286.8684580525781,239.24745282900685,100.32964974441386,340.2233080011988
270,286.78198092336794,238.96176638882093,100.79888662382534,340.2392703179717
271,286.8203874705537,239.09602830512952,101.11326987977147,340.2233080011988
272,286.7514192992816,238.97314026020672,100.69069150350803,340.2233080011988
273,286.8453426083036,239.0005830684154,100.42391323983968,340.2233080011988
274,286.9356457025985,239.2118867082652,101.0021564062928,340.2392703179717
275,286.9007959834955,239.3273204527885,100.82456282780367,340.2233080011988
276,286.7607166612714,238.90946219193734,100.91241211686929,340.2233080011988
277,286.96254813006277,239.1289860129979,100.98240003186498,340.2233080011988
278,286.9937184062636,239.2869621864431,100.82885325961905,340.2392703179717
279,286.9569587595234,239.35265613240782,100.4521896835231,340.2233080011988
280,286.8883182794078,239.04191689693303,101.10097285115906,340.2233080011988
281,286.9881412973927,239.34608005127612,100.41781496475438,340.2233080011988
282,286.85925186808157,239.23493524345602,100.88160391063421,340.2392703179717
283,287.02748836495647,239.43827566233753,100.2072423561605,340.2233080011988
284,287.0169556227989,239.60421369400433,100.36854549454792,340.2233080011988
285,286.9839383588212,239.39534714793456,99.95686808161038,340.2233080011988
286,287.0442829928996,239.4468788718236,100.61746204966134,340.2392703179717
287,287.0478491019318,239.3615522697318,100.73339067825674,340.2233080011988
288,287.15306397684236,239.54719781541226,100.64802623542771,340.2233080011988
289,286.9726612074865,239.47943309596985,101.00093771142531,340.2233080011988
290,286.7952278396821,238.96546006148344,100.74178879406475,340.2392703179717
291,287.00519335926487,239.37748776529975,100.93373705128919,340.2233080011988
292,286.98732101563434,239.2010719966013,101.14688926849207,340.2233080011988
293,286.66566503118986,238.80234338524318,101.38960279887677,340.2233080011988
294,286.625388900349,238.71851102850994,100.77153226658015,340.2392703179717
295,286.70030732766537,238.95077854490992,100.87127694228724,340.2233080011988
296,286.6506908068648,238.79867585679781,100.92528729418933,340.2233080011988
297,286.75683046035397,238.9619193130163,100.8821642947113,340.2233080011988
298,286.7473572625361,238.9698660114409,101.06267557291541,340.2392703179717
299,286.6581181337768,238.9126148463259,100.94469757254751,340.2233080011988
300,286.79456765969366,238.80813623923032,100.93654310423894,340.2233080011988
301,286.7128816443694,239.12106034753523,100.74413074597527,340.2233080011988
302,286.6383712173089,238.61965704311942,100.97190463516664,340.2392703179717
303,286.7977137173497,238.9388213120667,100.75279979654795,340.2233080011988
304,286.8831777938357,239.35968990142064,100.96826780312966,340.2233080011988
305,286.70525220468403,239.08909337836997,100.82897382661922,340.2233080011988
306,286.6430236980123,238.79617135658336,100.97801548667911,340.2392703179717
307,286.55356191559423,238.6347181940961,101.0951746099591,340.2233080011988
308,286.6089250512769,238.66178051157598,101.00164137183732,340.2233080011988
309,286.8496143606823,238.9263322109625,100.39688200710391,340.2233080011988
310,286.9118332362812,239.15840555700206,100.83610018211628,340.2392703179717
311,286.8967641073785,239.02368496597026,101.44513667720379,340.2233080011988
312,286.69649159841964,238.97178974667054,101.30366098189104,340.2233080011988
313,286.83940568310715,239.14485497364566,100.31049548606349,340.2233080011988
314,286.8939399236546,239.05439504619292,100.69117490185359,340.2392703179717
315,286.9277136641837,239.31849251097103,100.80370900623797,340.2233080011988
316,286.8653331253723,239.06700651631138,100.80114687000042,340.2233080011988
317,286.8427831767526,239.026395579205,100.49183323088836,340.2233080011988
318,286.8640404656367,239.09092941377403,100.94012332780794,340.2392703179717
319,286.96614844847437,239.19200338587112,100.54973993063713,340.2233080011988
320,286.9313338198609,239.18636594669965,100.9998442060011,340.2233080011988
321,286.8884175497595,239.23421466686617,100.50151252122122,340.2233080011988
322,286.90247182814113,239.0940325741216,100.28851456845972,340.2392703179717
323,287.07123445345013,239.3434912200919,100.66761980766734,340.2233080011988
324,287.08402527937017,239.50549673020316,100.74918468685361,340.2233080011988
325,286.81702761363135,239.29109187222332,101.01479978665988,340.2233080011988
326,286.7396305100559,238.8630380420905,100.8218555726246,340.2392703179717
327,286.6475511209944,238.6536886330545,101.05787830657876,340.2233080011988
328,286.6866740260925,238.9098636391267,100.7822315540348,340.2233080011988
329,286.835148642039,238.87695437850877,101.05833253087384,340.2233080011988
330,286.65753220706455,238.74460406884464,100.60803374327486,340.2392703179717
331,286.78575771818237,238.91573508936622,100.94595664354044,340.2233080011988
332,286.897625791826,239.25079242573872,100.74118621734287,340.2233080011988
333,286.731648045755,238.8975827968521,101.47277022986505,340.2233080011988
334,286.74979056126284,238.98843576084414,100.69786140324858,340.2392703179717
335,286.686474836336,238.8503431460658,100.8008828168497,340.2233080011988
336,286.7842150500776,239.02629982234805,100.91113386316265,340.2233080011988
337,286.77653644572734,238.9835801516268,100.35275480440185,340.2233080011988
338,286.9457307032844,239.0383918185935,100.46151534901846,340.2392703179717
339,287.01423992157765,239.3302512155907,100.85336122003577,340.2233080011988
340,286.85730356011004,239.36981366944352,100.39991511876035,340.2233080011988
341,286.8706673789723,239.3061461822301,100.36261515671758,340.2233080011988
342,286.9058669971884,239.2860580911575,100.72958260463251,340.2392703179717
343,286.983370124806,239.22222917355273,100.68900276132831,340.2233080011988
344,286.7731239482359,239.1516651447306,100.51670916621786,340.2233080011988
345,286.84466105816847,239.0896739394673,100.28168615095932,340.2233080011988
346,287.0131277363751,239.3883660021728,100.34648875550799,340.2392703179717
347,286.96117508795817,239.26999497109648,100.66664222227395,340.2233080011988
348,287.00038506866713,239.44438393274766,100.61158610671116,340.2233080011988
349,286.97111770772705,239.35432755225125,100.58018785344098,340.2233080011988
350,286.892438331518,239.2806298571871,100.83849268987848,340.2233080011988
351,286.83622464233804,239.06556988367913,100.5416546359048,340.2233080011988
352,286.7633175178955,239.09650855424238,100.69128260992977,340.2233080011988
353,286.7988956451958,238.95848142944865,100.54364614789586,340.2233080011988
354,286.97256072392247,239.03070443403098,100.73242169632219,340.2392703179717
355,287.0548057443911,239.55209706982203,100.64087768237944,340.2233080011988
356,286.7984232859745,239.1981594619608,100.90440584562272,340.2233080011988
357,286.89019821274275,239.20832069919672,100.37092445910015,340.2233080011988
358,286.9875860419906,239.33134718378696,100.324551403066,340.2392703179717
359,286.8103412076501,239.08042355181635,101.13803439111079,340.2233080011988
360,286.71022920651455,238.94005099395125,100.68358123142208,340.2233080011988
361,286.84275192369137,239.1219661419091,100.5369682706679,340.2233080011988
362,286.8511486889941,239.281296718264,100.15828923990723,340.2392703179717
363,286.889933641332,239.35351693952722,100.69252062038696,340.2233080011988
364,286.92054008658687,239.41342569824974,100.24738828194876,340.2233080011988
365,286.93903320545564,239.39789766991194,100.43644501629501,340.2233080011988
366,286.9677263866391,239.1169829898687,100.91424070564086,340.2392703179717
367,286.90488166945767,239.2542450148552,101.05524377015348,340.2233080011988
368,286.8723691921121,239.3943580826831,100.34870622507604,340.2233080011988
369,286.88472820583286,239.11484534795395,100.84621253847445,340.2233080011988
370,286.97304501423537,239.29757339000219,100.57543985209806,340.2392703179717
371,287.0236504265866,239.3121440707056,101.4551114610678,340.2233080011988
372,286.7763214366834,239.04529349967103,101.2027862772455,340.2233080011988
373,286.8569686178744,238.81012705365836,101.13670164616703,340.2233080011988
374,286.9667816301056,239.41806322116156,100.70597141847423,340.2392703179717
375,286.95072830972344,239.3917403514689,100.60488444504351,340.2233080011988
376,286.92598542602036,239.37100745100295,100.54054297524884,340.2233080011988
377,286.96798396168373,239.43388258220423,100.4881881245234,340.2233080011988
378,286.8273882623799,239.0939549399202,100.8570834316936,340.2392703179717
379,286.7715928203353,238.91225226157914,100.66905184724726,340.2233080011988
380,286.77952342616095,239.12657118643233,100.59196780153155,340.2233080011988
381,286.9778500558396,239.19049882501164,100.38818740773367,340.2233080011988
382,287.04580991664454,239.2494850445474,101.07063464746024,340.2392703179717
383,286.91443028510355,239.3669267694399,100.95741720928179,340.2233080011988
384,286.67226763389823,238.88325701007213,100.86023463907394,340.2233080011988
385,286.7638952594587,238.84710410098486,100.24842849083818,340.2233080011988
386,286.9926454705723,239.0908595014056,100.64442489302746,340.2392703179717
387,286.9206576948937,239.37896192886208,100.89114249765312,340.2233080011988
388,286.8278642982024,239.11365633628782,100.53712962171231,340.2233080011988
389,286.77485460881684,238.87463477984352,100.65470229006375,340.2233080011988
390,286.90983750993854,239.1237255543007,101.05973350388831,340.2392703179717
391,286.846686720273,239.19509468528716,100.40058886183924,340.2233080011988
392,286.8695524195859,239.16850560866442,100.80442592948096,340.2233080011988
393,286.9192884816027,239.10287944079036,101.05840084793931,340.2233080011988
394,286.7542992553067,239.06730483887887,100.67122608722967,340.2392703179717
395,286.84599156132987,238.93489044424072,100.57282168885952,340.2233080011988
396,286.9263922961275,239.17785300302356,100.22184699641444,340.2233080011988
397,287.05065491222746,239.40883114942002,100.36492666669433,340.2233080011988
398,286.9694832002834,239.30381377782442,100.52296221695407,340.2392703179717
399,287.00865130450967,239.2585562803915,100.74575393379627,340.2233080011988
400,287.0834276663981,239.56720482554968,100.59155657582846,340.2233080011988
401,286.9253818160026,239.36607710205297,100.29973455897864,340.2233080011988
402,286.9221350391981,239.40730379552997,100.07801703915841,340.2392703179717
403,286.94223294526597,239.23931953672266,100.79445783838223,340.2233080011988
404,286.92674868209934,239.2543663672166,100.56018927544402,340.2233080011988
405,286.95285515298406,239.19467817208476,100.10928399233336,340.2233080011988
406,287.04324924557824,239.45704261536977,100.48907357801976,340.2392703179717
407,287.02178825908777,239.70380665329245,100.47550470780111,340.2233080011988
408,286.89396726878687,239.16833777279965,100.73249438715892,340.2233080011988
409,286.89782707912644,239.34011669806463,100.08863803105994,340.2233080011988
410,286.88452178775844,239.2325718128657,100.27922608628823,340.2392703179717
411,286.93433359891554,239.23366069387842,100.66600367916344,340.2233080011988
412,287.0835535301661,239.5802453818542,100.43299091291944,340.2233080011988
413,287.0236242410578,239.55068715165532,100.60118344123448,340.2233080011988
414,286.9196607151948,239.36274927409735,101.11783262100973,340.2392703179717
415,286.8164601827932,239.0524024978092,101.18912207773678,340.2233080011988
416,286.85570372352277,239.1567477281809,100.8490837592908,340.2233080011988
417,286.832532078741,238.97487409415314,100.75904738243486,340.2233080011988
418,286.7889473116621,238.9634750650068,101.51266693043517,340.2392703179717
419,286.6982077594491,238.74357563309823,101.17477962044028,340.2233080011988
420,286.6661554732904,238.82397636796782,100.50361200722784,340.2233080011988
421,286.81313091087867,239.0572007337107,100.74016067863955,340.2233080011988
422,286.7685079637403,239.2600918865869,100.88247919975765,340.2392703179717
423,286.68822308964474,238.76990061131355,100.69484756000001,340.2233080011988
424,286.87400176169143,239.06508906982995,100.76623475498015,340.2233080011988
425,286.82615896869237,239.0095551048796,100.51196422295983,340.2233080011988
426,286.8217106906711,239.02179896350071,100.52997879504976,340.2392703179717
427,286.985792241619,239.29633035724166,100.68155806494683,340.2233080011988
428,287.1347669055917,239.5700850787648,100.23289530389773,340.2233080011988
429,287.1908516348098,239.53071583256278,100.4062760706668,340.2233080011988
430,286.9555430816088,239.39475042108805,101.01659935426694,340.2392703179717
431,286.84860053483686,239.09848991968383,100.38722488914529,340.2233080011988
432,286.88173472180307,239.09279192994885,100.83671050355304,340.2233080011988
433,286.93538100820666,239.2875311938917,99.89225015363309,340.2233080011988
434,286.96409922969264,239.33432539695767,100.58427584755886,340.2392703179717
435,287.09509380190315,239.53361132404234,100.36444298760328,340.2233080011988
436,287.0050864074954,239.60547884723633,100.55091593062758,340.2233080011988
437,286.9423292529072,239.38966338091802,100.67778725637679,340.2233080011988
438,286.8809159830182,239.35809910482078,100.56884068768413,340.2392703179717
439,286.93549260936044,239.19268559618976,100.79279844379248,340.2233080011988
440,286.8751743060506,239.26833010029586,100.5357721388862,340.2233080011988
441,286.9251793638277,239.18656245744657,100.05056754781769,340.2233080011988
442,287.1092312151463,239.64806634072514,100.42965914276068,340.2392703179717
443,287.116083369698,239.41887057664132,100.08061467447409,340.2233080011988
444,287.34549545320834,239.99865340674356,100.42174461301926,340.2233080011988
445,287.02410259258954,239.63232700745684,100.65213777836368,340.2233080011988
446,286.8884315047672,239.196695901505,100.45519671963017,340.2392703179717
447,287.0131862238097,239.31556282623126,100.64130239139406,340.2233080011988
448,286.89467831225926,239.4323623486107,100.35774981914227,340.2233080011988
449,286.80083210020297,239.09497023919593,100.53600363024042,340.2233080011988
450,287.1036503479403,239.39616079125517,100.35452406460753,340.2233080011988
451,287.0535290840371,239.53773848941546,100.48590949791857,340.2233080011988
452,287.00595561931226,239.5249407270209,100.72358174413533,340.2233080011988
453,286.93278901223846,239.43805169463835,100.87260971548801,340.2233080011988
454,286.86688694681976,239.39030257435078,101.04704131942476,340.2392703179717
455,286.7066988300692,239.03654912096013,100.49654018410455,340.2233080011988
456,286.8452387569019,238.98660780443615,100.91773204696223,340.2233080011988
457,286.8679016713004,239.4181436759485,100.4010451693904,340.2233080011988
458,286.8133118411203,239.17442908236762,100.7456377184471,340.2392703179717
459,286.8194867640753,238.99763736061868,100.68426516055457,340.2233080011988
460,286.66500213120645,238.73277383382174,101.49283055363952,340.2233080011988
461,286.70097556257844,238.80044565222474,100.56510454847324,340.2233080011988
462,286.81415357980904,238.87116197613918,100.97365662776957,340.2392703179717
463,286.76227461096556,238.94915983042006,100.84737502459149,340.2233080011988
464,286.7716175851176,238.80416342045604,101.11529239693753,340.2233080011988
465,286.90357602765914,238.89801281679755,100.97850834297077,340.2233080011988
466,286.8249936002693,239.02593145761753,100.7372546662574,340.2392703179717
467,286.9003342849185,239.14631346579424,100.55882446801978,340.2233080011988
468,286.9396962519162,239.14352899309554,101.10082147680068,340.2233080011988
469,286.9017818911,239.1710591235886,100.90180492279724,340.2233080011988
470,286.8597407607856,238.96450448901956,100.64550182809336,340.2392703179717
471,286.9731271393393,239.25533104822105,100.76958707003962,340.2233080011988
472,286.90372217466273,239.212876689709,100.54526716208717,340.2233080011988
473,287.0124415527935,239.25564824097114,100.41751712936492,340.2233080011988
474,286.9573440391114,239.29599227888374,100.80819020938787,340.2392703179717
475,287.1240515343696,239.6160955383634,99.81414114849322,340.2233080011988
476,286.8614367224595,239.2791395609488,100.61737725832096,340.2233080011988
477,286.79305619351027,239.336461726748,100.30999936088976,340.2233080011988
478,286.8239270284139,239.2213106681305,100.29970438147187,340.2392703179717
479,286.87755084016464,239.07896713500506,100.615239380265,340.2233080011988
480,286.9596645376806,239.393565195522,100.4070078698743,340.2233080011988
481,287.0389442290239,239.41648037951686,100.32062385752677,340.2233080011988
482,287.0299353233972,239.52119322055617,100.85437655007468,340.2392703179717
483,286.9539391147295,239.211715833986,100.73195548997099,340.2233080011988
484,286.93642885101866,239.1913159438992,100.64447049045809,340.2233080011988
485,286.92498803795564,239.15123499184514,100.96356108401734,340.2233080011988
486,286.9305282727527,239.32403506236722,100.56538154082381,340.2392703179717
487,287.0246596380204,239.23434803048576,100.8790898058348,340.2233080011988
488,286.93591981249233,239.41805550413815,100.34037855845207,340.2233080011988
489,287.03638327283744,239.43419268155625,100.5094733573423,340.2233080011988
490,287.06929392308655,239.2413324545272,100.72686350796499,340.2392703179717
491,287.135813830777,239.56513402227532,100.84135318314132,340.2233080011988
492,286.9817089259946,239.45135256428736,100.43942453185942,340.2233080011988
493,286.9771248970672,239.45046444338007,100.63685449113524,340.2233080011988
494,286.97938635111836,239.36379263839237,100.63382089990922,340.2392703179717
495,286.9254424045622,239.08484409350638,100.84581059825324,340.2233080011988
496,286.9011242346317,239.0240180162907,100.36749621766894,340.2233080011988
497,287.073794515189,239.56485312053368,100.74115307774342,340.2233080011988
498,286.94430645325264,239.25181146394996,100.60534508774049,340.2392703179717
499,287.06444362397923,239.55520324547936,100.22970500257416,340.2233080011988
500,286.9327712709418,239.41940714391112,100.27210490855937,340.2233080011988
501,286.99607241692394,239.20111231227432,100.51409040775816,340.2233080011988
502,286.9852360783745,239.2936430870168,100.9419479492954,340.2392703179717
503,286.8809656946236,239.42254462115545,100.4557497432143,340.2233080011988
504,286.8065807679249,238.96025884907954,100.30868246687885,340.2233080011988
505,286.8793575552285,238.97485964458042,100.53941526402645,340.2233080011988
506,286.93600300965517,239.31398735818468,100.91695925000128,340.2392703179717
507,286.92751030010953,239.3240832655636,100.43633980138902,340.2233080011988
508,286.86373991649003,239.15272083019738,101.19054343564197,340.2233080011988
509,286.75299353778536,239.01892177791208,100.70312090062612,340.2233080011988
510,286.77254361062796,238.93123217790227,101.34481031959263,340.2392703179717
511,286.6240084598744,238.75406484402984,101.03442910677408,340.2233080011988
512,286.62635803159094,238.92544856288555,100.45383641826676,340.2233080011988
513,286.6797256746121,238.73334934739205,100.77693271668802,340.2233080011988
514,286.8122098618589,239.15701962433832,100.89105091392646,340.2392703179717
515,286.76177765165045,239.01706290854295,100.72105230004655,340.2233080011988
516,286.69314500066895,238.80396689256918,100.48979255798575,340.2233080011988
517,286.90779137382,239.19360209405616,100.98476582245856,340.2233080011988
518,286.7740059049471,239.07912589640023,101.3246138393602,340.2392703179717
519,286.86803112259884,239.12145802300924,100.33975548282966,340.2233080011988
520,286.84951083764787,239.0125770241447,101.50069835079891,340.2233080011988
521,286.9696977706251,239.33285526203943,100.44030187415922,340.2233080011988
522,286.8857140338144,239.21799047813124,100.41756421210107,340.2392703179717
523,287.06828939960764,239.2429809623674,100.56862097668862,340.2233080011988
524,287.1278997204591,239.3276358664577,101.03215589126881,340.2233080011988
525,286.9514160921594,239.30982546048196,100.86289576043886,340.2233080011988
526,286.8690447409474,239.02026873544,100.91811507146171,340.2392703179717
527,286.8235503345127,239.1783289135457,100.79036750817266,340.2233080011988
528,286.89346315266556,239.05644485151382,100.51753202925012,340.2233080011988
529,286.84862229284823,239.04370841238782,100.54894486873087,340.2233080011988
530,286.85614975692124,239.07110503700824,100.2953272541662,340.2392703179717
531,286.8851383412446,239.1983139022025,100.449077346285,340.2233080011988
532,286.91309070617814,239.22849843757436,100.37326823890858,340.2233080011988
533,286.9673720451771,239.37393434179725,100.59977648796075,340.2233080011988
534,286.9628597763046,239.54465221179444,100.26634962361099,340.2392703179717
535,287.10621803957775,239.58665708992535,100.06028523411896,340.2233080011988
536,287.10122646812806,239.44957527567172,101.06774324293457,340.2233080011988
537,286.91336377204175,239.4294827886372,100.25355644137392,340.2233080011988
538,287.0196370132888,239.48465344644478,100.37072190295468,340.2392703179717
539,286.8767652956846,239.1851536198077,100.7917238766089,340.2233080011988
540,286.95172119497647,239.39316832292832,100.36167789857636,340.2233080011988
541,286.9233517647686,239.03328056221721,100.50865723861631,340.2233080011988
542,287.12577149924465,239.34562032372216,100.75384143109522,340.2392703179717
543,286.9722193494813,239.4293526286339,101.18614476300634,340.2233080011988
544,286.78741897296237,238.9637186905347,101.26417280552755,340.2233080011988
545,286.81997344370853,239.12851914180737,100.97670570080727,340.2233080011988
546,286.68188130058155,238.88728606521116,101.33722276740475,340.2392703179717
547,286.8877880692429,239.07063264099466,100.50197095808421,340.2233080011988
548,286.78053087770684,239.0939269032173,101.45877593659134,340.2233080011988
549,286.7374287842786,238.94785197743968,100.6048520981941,340.2233080011988
550,286.7102975348514,238.9214420508198,100.8936117198362,340.2392703179717
551,286.697774229645,238.94804464595833,100.32524600831458,340.2233080011988
552,286.84804658906245,238.9429076312257,100.89114384203246,340.2233080011988
553,286.95454497700035,239.23137492844748,100.80493343102533,340.2233080011988
554,286.8043850517145,239.04514795996556,100.70522974597442,340.2392703179717
555,286.9301202838629,239.41475539381986,100.18334136656354,340.2233080011988
556,286.98007582601184,239.47378482966064,100.4590287238027,340.2233080011988
557,286.88283540110444,239.0939945864741,100.78360538973067,340.2233080011988
558,286.99439930905334,239.22847590848735,100.57944662133895,340.2392703179717
559,286.9736091953062,239.37520080303355,100.51302603467508,340.2233080011988
560,286.8566908036033,238.9775308179493,100.64543894537569,340.2233080011988
561,286.85708986510775,239.40390980221036,100.41874340810716,340.2233080011988
562,286.7748028831014,239.20534032532677,100.44275869285646,340.2392703179717
563,286.9056058895219,239.11619927004756,100.53378029779266,340.2233080011988
564,287.0834854231541,239.63456714528846,100.06459278990407,340.2233080011988
565,286.9858496654623,239.66330507385555,100.58048723473426,340.2233080011988
566,286.9748310384968,239.360615061237,100.46903155936371,340.2392703179717
567,287.030468849506,239.30902585940905,100.65830577093409,340.2233080011988
568,287.0316951463911,239.25653079006793,100.59343629967678,340.2233080011988
569,287.1686129989384,239.60579103595333,100.61618523505354,340.2233080011988
570,286.84874842423096,239.26126659100282,101.41133860198175,340.2392703179717
571,286.80235136917753,239.13949034127359,100.9293550530211,340.2233080011988
572,286.75455436307726,238.93001913868252,100.98359786638072,340.2233080011988
573,286.8464946398664,238.88201008635954,100.5562922377157,340.2233080011988
574,286.8193099534944,239.03881523458972,100.9612169250342,340.2392703179717
575,286.9259615360399,238.85525414799022,100.96752773151725,340.2233080011988
576,287.03411136838173,239.29834306894335,100.57600734932358,340.2233080011988
577,287.0611542826057,239.64881905722973,100.6789732174031,340.2233080011988
578,286.92362081136736,239.33243207213457,100.79839713600283,340.2392703179717
579,286.8738651287015,239.16131928376004,100.99973911544879,340.2233080011988
580,286.7731647424849,239.122974714008,100.83787515450074,340.2233080011988
581,286.8644097339863,239.04358320195442,100.71669499539865,340.2233080011988
582,286.83187589191,238.97256663993315,100.4605552749327,340.2392703179717
583,286.84104724958166,239.00093213105743,100.94470730847759,340.2233080011988
584,286.88716868511295,239.05460042504174,101.134412505047,340.2233080011988
585,286.7813817199037,238.91955087318888,100.7688084200945,340.2233080011988
586,286.7267784799759,238.86954741704093,100.76313820045766,340.2392703179717
587,286.8906683316241,239.2138906745677,100.36264336812549,340.2233080011988
588,287.27308081415964,239.55988313675599,99.74924526236326,340.2233080011988
589,287.3360502866799,239.9361618934105,100.58079445063014,340.2233080011988
590,287.0670488496764,239.63550542363149,100.86252123427887,340.2392703179717
591,286.92714804849027,239.3426184738124,99.9888498144076,340.2233080011988
592,286.9896856358993,239.39044715617288,100.6174175193583,340.2233080011988
593,286.99462412522627,239.17441858108222,100.8778058717668,340.2233080011988
594,287.11021278982986,239.3322855753107,99.81615633632049,340.2392703179717
595,287.1722290361228,239.62645248055483,100.57163715210264,340.2233080011988
596,287.1649794939913,239.6182985050883,101.00824784046091,340.2233080011988
597,287.1134145666584,239.70819781084597,100.57322738334024,340.2233080011988
598,286.7986152860282,239.43945676747003,100.14342571705679,340.2392703179717
599,286.96385548931374,239.2030991523451,100.45845933325934,340.2233080011988
600,287.01353043531645,239.33892567662403,100.5919195696573,340.2233080011988
601,287.0155962271717,239.2600758687859,100.45593409909092,340.2233080011988
602,287.0743301908148,239.54331173238188,100.48592508124288,340.2392703179717
603,287.0342297897982,239.4540689025882,100.81792666714233,340.2233080011988
604,287.0357113740079,239.64420850358724,100.32588338072287,340.2233080011988
605,286.9339398655313,239.14930331994233,101.04906208636878,340.2233080011988
606,286.703981427115,238.8664480043776,100.74156732096316,340.2392703179717
607,286.96009717328695,239.03627558454176,100.50308798710013,340.2233080011988
608,287.0242347614809,239.374198669016,100.8683254473588,340.2233080011988
609,286.8627809193888,239.15344872982996,100.8001063582215,340.2233080011988
610,286.8056885884819,239.17683721660316,100.40526262251966,340.2392703179717
611,286.96130171817873,239.1881045449667,100.38158540042623,340.2233080011988
612,287.0142646726357,239.4153020686454,100.34712557352698,340.2233080011988
613,287.02749532721845,239.48407754882092,100.69576813415863,340.2233080011988
614,286.8784398337721,239.33466971578716,100.74882549044042,340.2392703179717
615,286.7550121346483,238.78111609835642,100.70185385125325,340.2233080011988
616,286.8319787084352,239.00937390513812,100.74178712762694,340.2233080011988
617,286.98520667391443,239.4397491635531,100.5687401412576,340.2233080011988
618,286.86520242644,239.20116308457736,101.21382305579351,340.2392703179717
619,286.7037425574779,238.83447705268574,100.7836318128447,340.2233080011988
620,286.6764967348615,238.7460936543322,100.80445950355546,340.2233080011988
621,286.69219518478707,238.7222109080429,101.0533202936689,340.2233080011988
622,286.7115611037359,238.80437155674989,101.08553926774375,340.2392703179717
623,286.8201169772869,239.01946376699826,101.09470227137837,340.2233080011988
624,286.70874953867934,238.8385026048121,100.77458281033502,340.2233080011988
625,286.72081264471797,238.93704005815923,100.70339128853749,340.2233080011988
626,286.8379243833395,239.05901141120816,101.0653369745102,340.2392703179717
627,286.73578502600645,238.989178391447,100.78184189587375,340.2233080011988
628,286.8527500416323,239.02539425543057,100.78792325404953,340.2233080011988
629,286.7874907993386,239.12819654101926,100.91659099076783,340.2233080011988
630,286.8816086236281,239.01039705002736,100.83407868879226,340.2392703179717
631,286.8032997866056,239.11791151589497,100.90283878256093,340.2233080011988
632,286.86473320024635,238.96024136095375,100.73368818595918,340.2233080011988
633,286.73387585745337,238.8855835046686,100.71125319805333,340.2233080011988
634,286.68595348112063,238.87014789509206,101.04298508846487,340.2392703179717
635,286.7824989648095,239.02743989871348,100.92976184096624,340.2233080011988
636,286.7321429167118,239.03035911578536,100.7315233867112,340.2233080011988
637,286.7853608140071,238.86769727236825,100.64536916533604,340.2233080011988
638,286.8407619966187,238.9920595776849,100.7684677861116,340.2392703179717
639,286.90161741856696,239.0967573334477,100.62223980094875,340.2233080011988
640,286.88787258396377,239.51212636981424,100.28739455629301,340.2233080011988
641,286.96615489017614,239.2489047861095,100.28720965034283,340.2233080011988
642,287.01354783480775,239.3430116092467,100.3823867682928,340.2392703179717
643,287.1031975506822,239.59412551419368,100.2247338533832,340.2233080011988
644,287.1377833041044,239.77323229144858,100.11733929323636,340.2233080011988
645,287.11919884707976,239.78043477103427,100.5413496944101,340.2233080011988
646,287.0974444248961,239.3853059715493,100.92421385478126,340.2392703179717
647,286.98565553372765,239.40627692890146,100.10710006918784,340.2233080011988
648,287.0246341526576,239.30784160366855,100.96920919290763,340.2233080011988
649,287.0072821522224,239.51000747641865,100.64143788032082,340.2233080011988
650,286.97639194049816,239.22126813354393,100.18801492576551,340.2233080011988
651,286.96720189237305,239.35058061435367,100.61873960858209,340.2233080011988
652,286.9382546208753,239.24672089981746,100.75069300865523,340.2233080011988
653,286.78365761327944,239.18804012565315,100.35493647733794,340.2233080011988
654,286.9056345236686,239.28136082986418,100.24485059518696,340.2392703179717
655,286.9398257479938,239.3553683897047,100.6471293158367,340.2233080011988
656,286.84288309342656,239.16484122343945,100.53129185580555,340.2233080011988
657,286.95357839911253,239.1258878123958,100.60532215505901,340.2233080011988
658,287.0726864294658,239.33456011111343,100.91299193785504,340.2392703179717
659,286.9355334852739,239.32397791481662,100.93420261523192,340.2233080011988
660,286.8485616675094,239.09014099081165,100.57511208007514,340.2233080011988
661,286.9823666030019,239.1132028561494,100.69731763236759,340.2233080011988
662,286.8710766916651,239.12168827205173,100.97556854672466,340.2392703179717
663,286.796603892307,239.05208277645502,100.64706777465648,340.2233080011988
664,286.80745045650394,239.22583991427496,100.65792278028563,340.2233080011988
665,286.8490343255118,239.22791455619645,100.5988791518207,340.2233080011988
666,286.8494573833677,239.19787769726062,100.71949077525251,340.2392703179717
667,286.8306552539182,239.20693413114498,101.33728416554823,340.2233080011988
668,286.65992221850746,238.92976861691628,100.55288621103692,340.2233080011988
669,286.7703914571982,238.8222124879973,101.0144309218055,340.2233080011988
670,286.74130992932714,239.0379145943921,100.8891494923604,340.2392703179717
671,286.802750486814,238.93062053128077,100.78939350451888,340.2233080011988
672,286.7464337865961,238.99780669261898,101.14807741421419,340.2233080011988
673,286.7270771368859,238.91096070728838,100.65721283969556,340.2233080011988
674,286.8398730565029,239.04833046132077,100.7252778667762,340.2392703179717
675,286.8137473315122,239.0320054100936,100.62966702639655,340.2233080011988
676,286.86074214644435,239.1332742657588,100.47535608819628,340.2233080011988
677,286.9089503517037,239.3079908489223,100.35930697302511,340.2233080011988
678,286.886917697515,239.12481434159497,100.85605292382638,340.2392703179717
679,286.9007512441762,239.14722478925975,100.57380625930848,340.2233080011988
680,286.8863457948172,239.24040970685476,100.32839599031809,340.2233080011988
681,286.85719257645974,239.11037694941672,100.26004615368974,340.2233080011988
682,286.968685555618,239.43489323583336,100.40968500448776,340.2392703179717
683,286.8603941893636,239.415650474078,101.10728297941877,340.2233080011988
684,286.9134261544264,239.10886220218939,100.41938467376444,340.2233080011988
685,287.1247576418713,239.37340502181596,100.45982826311824,340.2233080011988
686,287.0609017780801,239.5447786773592,101.0250778712465,340.2392703179717
687,286.96907280429264,239.31293087068903,100.91103164366412,340.2233080011988
688,286.8837758938426,239.06376298610337,100.71483426707799,340.2233080011988
689,286.92277235655905,239.27229331599656,100.82406699480204,340.2233080011988
690,286.9747151513355,239.22816174581422,100.71286913719943,340.2392703179717
691,287.028707327836,239.32315501754465,100.5944789553231,340.2233080011988
692,286.86603183931624,239.42594325418455,100.5685691647822,340.2233080011988
693,286.82554588319107,239.15542944523568,100.80272878943127,340.2233080011988
694,286.8979414348859,239.13830013239328,100.56524046306892,340.2392703179717
695,286.99466457511176,239.3847113806809,100.53543109181338,340.2233080011988
696,286.9730302174236,239.3889917476857,100.33032565332239,340.2233080011988
697,287.0656833317972,239.37542613894342,100.85774921391119,340.2233080011988
698,286.9460228681466,239.488429614826,100.88012829388371,340.2392703179717
699,286.9789363134101,239.57528404018908,100.37531473379796,340.2233080011988
700,286.821664987999,239.21039882631706,100.44774949584591,340.2233080011988
701,286.88389773008583,239.10779209388943,99.96315068892471,340.2233080011988
702,287.02749674563995,239.28458579235712,100.54991130803484,340.2392703179717
703,286.86010088106474,239.2658189730015,100.97168249240885,340.2233080011988
704,286.97399561586934,239.3588893173836,100.53139384857256,340.2233080011988
705,286.89077496793976,239.49851628208364,100.61959281800591,340.2233080011988
706,286.7490240214096,239.07686799522244,100.47488755987746,340.2392703179717
707,287.11628695382245,239.20356463567649,100.60607309221781,340.2233080011988
708,287.1732957193933,239.56160487741303,101.23030526790738,340.2233080011988
709,287.0180502354246,239.43195859797052,100.86870256374807,340.2233080011988
710,286.91629849490556,239.09235841803317,100.53913146910655,340.2392703179717
711,287.01238272430777,239.41981176604563,100.28429901252302,340.2233080011988
712,287.0325495283735,239.4422969239674,100.34819027137432,340.2233080011988
713,286.87518844545946,239.21083674727853,100.90608542737108,340.2233080011988
714,286.89557620341577,239.32220315890186,100.17032919938418,340.2392703179717
715,286.90624109228725,239.23111002856794,100.75643247077271,340.2233080011988
716,286.72077791266355,239.06164818697732,100.75729804601691,340.2233080011988
717,286.72567323698667,238.77778077355433,100.8125617509293,340.2233080011988
718,286.755607120243,238.8594931153075,100.90663446608374,340.2392703179717
719,286.9354765449995,239.1259930851031,100.76032895122945,340.2233080011988
720,286.8924622672718,239.42607820399488,100.96394126982197,340.2233080011988
721,286.7387535548724,238.91833034706644,100.5221455335517,340.2233080011988
722,286.8139941109227,239.0706272315712,100.50564332418566,340.2392703179717
723,286.84980263243955,239.0506796247599,100.71767171897098,340.2233080011988
724,286.9461635880703,239.23746200963944,100.87078789959838,340.2233080011988
725,286.8217681901798,239.1592419169323,100.61729774116715,340.2233080011988
726,286.85861469602816,239.19236378053745,100.52999909118387,340.2392703179717
727,286.84244736918885,239.16120064973643,100.98069358351898,340.2233080011988
728,286.8960402421631,238.9995748315738,100.54439639039384,340.2233080011988
729,286.8845402529085,239.18098108522898,100.56570554482812,340.2233080011988
730,287.03363616194827,239.2560361449703,100.74820366705615,340.2392703179717
731,286.91244029617127,239.34476929731264,100.33736091326826,340.2233080011988
732,286.85807233020836,239.13162130967717,100.68470150005889,340.2233080011988
733,286.9686399107327,239.15960076599137,100.36200350760816,340.2233080011988
734,286.9246761066021,239.31907391613746,100.74968141504695,340.2392703179717
735,286.7964835129594,239.00485032824963,100.77036875291087,340.2233080011988
736,286.9009750192162,238.92668590267132,100.53497824493085,340.2233080011988
737,287.0295525355552,239.27937021091932,100.56816480276348,340.2233080011988
738,286.9580517371231,239.25301748867344,100.73272518803411,340.2392703179717
739,287.0081700289736,239.32793659754338,101.11117035381703,340.2233080011988
740,286.87507500649053,239.15798579780744,100.62331028919772,340.2233080011988
741,286.9224882173525,239.24110347634596,100.86437276611288,340.2233080011988
742,286.91269482212675,239.32708248651002,100.54597530779047,340.2392703179717
743,287.05688826349393,239.34427613673768,100.270979531196,340.2233080011988
744,287.0881027462327,239.42979073541593,100.39179541250265,340.2233080011988
745,287.08512061187406,239.62344434798743,100.24313193141352,340.2233080011988
746,286.94618977117085,239.24787496009682,101.09821409582217,340.2392703179717
747,286.90915300695735,239.24579557122664,100.74220649915635,340.2233080011988
748,287.046020659725,239.44229904342762,100.53162676473038,340.2233080011988
749,286.9820319612089,239.38714805520712,99.96606037070637,340.2233080011988
750,286.9562679875959,239.417426656382,100.5889765089815,340.2233080011988
751,287.0449997639829,239.41722619681534,100.40586664401282,340.2233080011988
752,287.2272674500776,239.50640354317656,100.07433816876373,340.2233080011988
753,287.2147426285978,239.86569516358068,100.83577583869834,340.2233080011988
754,286.9496874042619,239.25046347321074,100.71169565531659,340.2392703179717
755,286.9311125188524,239.33106503211388,100.95163409322221,340.2233080011988
756,286.9791601063501,239.22925160581858,101.12003756377572,340.2233080011988
757,286.82534913731007,238.95344031334255,100.5914936983145,340.2233080011988
758,286.85261885218364,239.09851649238234,100.8444472564883,340.2392703179717
759,286.83793660680857,239.1418100198005,101.0575967323529,340.2233080011988
760,286.80689897419546,239.1230714610904,100.80262210892893,340.2233080011988
761,286.94119595289663,238.87894458295867,100.70691002291937,340.2233080011988
762,286.94125464987,239.13059535008404,100.59949689656776,340.2392703179717
763,286.9382675850141,239.2547559367471,100.79347770075996,340.2233080011988
764,286.88112273732565,239.22361154027558,100.1876620985369,340.2233080011988
765,286.9389999107267,238.99711723784608,101.13901783482045,340.2233080011988
766,286.9827321883588,239.52809001363684,101.13241932759333,340.2392703179717
767,286.8248424880111,239.18569722677773,100.4462637290897,340.2233080011988
768,286.9557258633594,239.37377512267588,100.56386946132488,340.2233080011988
769,286.86807933144183,239.2948725170438,101.18518959732864,340.2233080011988
770,286.65012540836256,238.8666998510672,100.62670778517356,340.2392703179717
771,286.7684884990875,238.8534791016483,100.42242874887012,340.2233080011988
772,286.885915145017,239.13380735999058,100.97882719315861,340.2233080011988
773,286.9355840842583,239.15232405547133,100.25770912608625,340.2233080011988
774,286.8984298123421,239.37689377045885,100.83117319419237,340.2392703179717
775,286.8040737075251,239.0928510160215,100.68063009986979,340.2233080011988
776,286.83600874565064,239.14572445566913,100.7687438945698,340.2233080011988
777,286.8159049428323,239.24714075485667,100.35907989116963,340.2233080011988
778,286.76503364333877,238.98842419332357,100.92316996693468,340.2392703179717
779,286.82342406119994,239.0439382472192,101.30888415584741,340.2233080011988
