,tas,rlut,rsut,rsdt
0,288.39764736526183,240.4522026092652,98.71356977561815,340.2693889018404
1,288.4618039349418,240.35962665683311,98.45816723477799,340.1926652707977
2,288.55013130805344,240.14110475413221,98.79918495431748,340.17232797099564
3,288.50512016714896,240.29637607268754,98.86490325357208,340.15969888620003
4,288.39081801520024,240.14800954276652,98.78030417308155,340.1602148234026
5,288.43148828886297,240.27575684383794,98.35625722926056,340.1688343729359
6,288.5459446916438,240.3891376153505,98.58401622177489,340.23094342744594
7,288.5319856734688,240.25744816726842,98.46308864233508,340.30784147228036
8,288.67699258563675,240.5641159988401,98.63496811120304,340.36160227798354
9,288.74005215096594,240.53287777125638,98.6401736760011,340.37365909739634
10,288.67003143710275,240.46050329549374,98.47915068784975,340.334208370732
11,288.59729062487787,240.19022890882727,98.50833860490525,340.2909334984736
12,288.6718965878037,240.33084198885297,98.46956192224282,340.24521745590033
13,288.8984779279578,240.43847502219373,97.91835481816923,340.2141491470997
14,288.97058748268256,240.73505650943108,98.35948583003916,340.19081904054417
15,289.00357185489173,240.64635735232943,98.01990135948932,340.1710733827621
16,288.93894268891194,240.6013699984644,98.26424799472214,340.15232452606233
17,288.9460001274722,240.64304386998245,97.89141981577454,340.1546497820722
18,289.0686661828727,240.58740111306668,97.9692336752204,340.18909302674217
19,288.98539854259224,240.66395608846403,98.26312554252121,340.26557535022715
20,289.09546735639606,240.61010779355502,98.10049477693828,340.2740858955111
21,289.05395750701035,240.63629991577912,98.18906388046445,340.3189871414287
22,289.1323575158206,240.72254469673337,98.03531543073753,340.27589527524606
23,289.22362917844055,241.02415239039001,97.95470765516727,340.2744216303367
24,289.3330572742684,241.04008749812644,97.60841607551038,340.23560696608956
25,289.26694579581715,240.72133231330474,97.90977523156579,340.1904700930913
26,289.25473414537765,240.84547317640826,97.90457509509407,340.1508041469936
27,289.2473323324278,240.7093773186493,97.72407871546424,340.13771846002527
28,289.4099467846785,241.18575010182167,97.3624150699578,340.14161613531024
29,289.2982822917102,240.84579179523067,97.77953134167764,340.1620279898219
30,289.43914792173035,240.88107684211195,97.53972113910073,340.2279226912181
31,289.400450561932,241.01815146819183,97.73266425400897,340.2782640181336
32,289.53219460001725,241.01772027240222,97.63478791620082,340.33347360146405
33,289.5283319348021,241.05710589444445,97.59040993662454,340.33996499766477
34,289.5049818091865,240.97485750597718,97.66690906883547,340.29583492095554
35,289.5857629308177,241.06938155259033,97.41934144617419,340.2363315218788
36,289.59027972712335,241.14260395673838,97.2297931390083,340.20425999827916
37,289.6508728219162,241.18788931906877,97.36855490002891,340.171106236748
38,289.7299487695418,241.3104789749452,97.37669546379442,340.1460007671189
39,289.7221463019827,241.05738813442295,97.37409059092305,340.15208955954046
40,289.9426311667007,241.46624928878305,97.08413250430642,340.193087170278
41,290.12164076190226,241.577326414493,97.12675693194598,340.2409220228611
42,289.9412485669352,241.551467299126,97.10441243014759,340.2447095813124
43,289.82801655262824,241.3928611108147,97.13060918612088,340.2519448028019
44,289.76264449113734,241.2826758617576,97.16654944003817,340.26332425885295
45,290.05271688932913,241.55708921631594,96.54324127772277,340.2264692699778
46,290.074774647739,241.62002401412283,97.255120836637,340.18331014790743
47,289.89782603445536,241.06404800692647,97.26829465296642,340.15723703313137
48,289.9833882516549,241.4483592442973,96.82885379970368,340.1461484947777
49,290.0988897867334,241.7138939528111,96.88336198384427,340.1429279025143
50,290.0465236354174,241.54405802845983,96.67649705694261,340.15136671454917
51,290.1504934607687,241.47928320037624,97.07460093942984,340.20184897451935
52,290.1753373017579,241.75830547211467,96.85518503483331,340.2536132359032
53,290.3835074657454,242.03196061391884,96.60813662521652,340.2828381020343
54,290.4862342768042,242.11220508560373,96.37457147104523,340.2765853015784
55,290.4320117544965,242.0399636095652,96.48614286782845,340.2443964905511
56,290.2779012386099,241.78376355146597,96.91460571962013,340.20109860130555
57,290.31163644294423,241.61927541812318,96.61628436084335,340.1859110327291
58,290.43589910522684,241.80398999981387,96.7156819835932,340.16549884189016
59,290.40503814844186,241.9008300671223,96.77285867416833,340.14221022673064
60,290.37166820166755,241.82217407378425,96.69335618807365,340.1330731307467
61,290.46442505364706,241.91984579656,96.48048452354901,340.12388644307555
62,290.41763365042766,241.78604852890018,96.70533452044526,340.13293309584776
63,290.44908905799736,241.9525081150864,96.51498464537326,340.1649894766119
64,290.65527469372364,242.04983610826355,96.92611348693494,340.2058142319678
65,290.4900086555,242.02416817223033,96.544410448704,340.2317185784475
66,290.3824232565634,241.67185801145172,96.41688227096135,340.22998158497154
67,290.5808648462308,242.05174805388438,96.19192511493452,340.23419027290066
68,290.7135534581041,242.09720807342447,96.35420944060377,340.211873479977
69,290.9177611977619,242.48172008038577,96.21807801733144,340.1938123648277
70,290.6997743417059,242.12107578008116,96.41316337782092,340.15589753270046
71,290.45206425484184,241.77728427809203,96.67414212989956,340.1313977750462
72,290.648671470121,241.93926739252814,96.19592610835514,340.12725671752224
73,290.7084207195655,241.96113290617436,96.66927281831273,340.13040537054655
74,290.6599844874293,242.11397721569435,96.50625873403892,340.1581920995682
75,290.64238908123644,242.06422111613765,96.57770784412948,340.2133394861965
76,290.7671779340007,242.19964272108288,96.23544656121646,340.2472627324679
77,290.8668133969719,242.45264628443238,95.85066833343564,340.3015576195381
78,290.928640287855,242.54322506990476,96.22601143963628,340.28875819147464
79,290.760840928204,242.18336805916059,96.31455955302651,340.248571950497
80,290.71083411534767,242.19653976637585,96.54021460898083,340.2050590765953
81,290.8554923300549,242.39535506593688,95.97483562227364,340.1713351253001
82,290.8635739589418,242.25725520551336,96.29212548646125,340.1561277068672
83,290.9789998195642,242.53291607214942,96.29594308375533,340.14286941120037
84,290.8563260115219,242.19030125221923,96.23636459804487,340.15809527148554
85,290.764566249952,242.05047725267738,96.28300337745388,340.1911450807299
