Year	tas_diff
0	0.09985133711832365
1	0.07616467791854328
2	0.16632994355739533
3	0.02747473223395476
4	0.05943315772082261
5	0.10260367688585174
6	0.054642552412422496
7	0.09907999195782771
8	0.12165462294545165
9	0.15588278439705086
10	0.09240034375637582
11	-0.02990918731797182
12	-0.10813609024510737
13	0.07045911528264881
14	0.1587424434717028
15	0.13352872390492432
16	0.011988855461792736
17	0.11280187254022912
18	0.21509317150759424
19	0.039766564784638664
20	-0.014302634887938454
21	0.018229644317860616
22	-0.07587621457938956
23	0.05626205361701815
24	0.06441520641258192
25	0.04556225035442815
26	0.07008891951466831
27	0.10290464075856381
28	-0.011006717724723392
29	0.1619550124497997
30	0.021145247670046552
31	0.064248408479016
32	-0.04332426138173853
33	-0.05186883887616617
34	0.026440794273079576
35	-0.1388854528986742
36	-0.052845158309623844
37	-0.04263553730559554
38	-0.09648028531797871
39	-0.2356729856943232
40	-0.0908754674724909
41	-0.03519981119218156
42	0.01693259331990698
43	0.08182853346298495
44	0.08494545118481509
45	-0.14437350908698748
46	-0.03201145937698671
47	0.037388184803818794
48	-0.08470042190081584
49	-0.15868400317513728
50	-0.10047992937125834
51	0.10465153299695028
52	-0.00328357029500001
53	0.046259078003382685
54	0.07452438276568246
55	0.043222743628290955
56	-0.03285991800750804
57	-0.2998549760593023
58	-0.29926634659163276
59	-0.2749841046374505
60	-0.2183187278587545
61	-0.1474379016851917
62	0.012937934709118769
63	0.011165151293203807
64	0.01547341330286657
65	-0.15721474446077952
66	-0.0703339225531417
67	-0.21509156819540134
68	-0.15626806661613685
69	-0.12058919942500859
70	-0.20542924419299619
71	-0.12960801250733064
72	-0.2377353541745512
73	-0.10049849924931205
74	-0.13961945894736877
75	-0.1702727989941759
76	0.041084109506015695
77	0.052096365124593036
78	-0.000810424101546553
79	-0.1455081422597635
80	-0.06801594704749092
81	-0.01903923843047231
82	0.1429142330738683
83	0.11794254333789495
84	0.05884706171200041
85	0.02837004462079712
86	0.15097744882598693
87	0.05405872542560303
88	-0.15088359459656592
89	-0.1813199406823897
90	-0.008968551671265174
91	-0.03365391445382537
92	-0.05254392198037244
93	0.12998511238530036
94	0.05657937548367714
95	0.010543130486967534
96	0.06057832518004641
97	0.09237305422625097
98	-0.10054212580396693
99	-0.14412908124198492
100	-0.15773309460651264
101	-0.13684349950914604
102	-0.06547939609827341
103	0.006280086124961781
104	-0.28164410450727373
105	-0.19047592254583173
106	-0.1681317775757245
107	-0.16269500716053964
108	-0.22746408806824497
109	-0.18977312406132252
110	-0.13134420158519028
111	-0.29496084224117236
112	-0.2631206654286898
113	-0.33615442150798525
114	-0.35036977406079467
115	-0.3408375532016028
116	-0.3105927706755272
117	-0.3159535653929661
118	-0.27476189384435346
119	-0.24427513416545904
120	-0.10565958316372948
121	-0.11236306759574216
122	-0.09685780287554868
123	-0.15457750468934928
124	-0.27397133399002394
125	-0.20553036959647314
126	-0.2784578218579201
127	-0.22986201782468374
128	-0.060808547092299714
129	-0.07088759901786451
130	-0.1089976463748093
131	-0.06958938418070865
132	-0.127340926273857
133	-0.058704711709540836
134	-0.10355803770112221
135	-0.11236408351890692
136	-0.19804631943045026
137	-0.25301250764808214
138	-0.19454166845682264
139	-0.3153291221919631
140	-0.27892149931150856
141	-0.2866406281957723
142	-0.1860654786350313
143	-0.16816233849193862
144	-0.22977763469460333
145	-0.2849241504605956
146	-0.36002992928838307
147	-0.2525076023875321
148	-0.14889448687590778
149	-0.1739256698127314
150	-0.2668071059753425
151	-0.613060451143373
152	-0.24952384201982758
153	-0.17750597654850386
154	-0.24442246424515224
155	-0.24732769396871523
156	-0.17514812051807338
157	-0.021698275737560335
158	-0.1902301756844531
159	-0.18431335644209113
160	-0.33450345310484697
161	-0.2831546415233719
162	-0.18202222300830595
163	-0.18279960664765382
164	-0.26488526183593675
165	-0.2142005274451637
166	-0.21078821699489425
167	-0.18687126722880443
168	-0.2778523636201262
169	-0.2928093809826209
170	-0.35141004990582814
171	-0.25412955936868986
172	-0.29931363674896305
173	-0.35564692524800745
174	-0.20154490971643213
175	-0.09838022191479867
176	-0.23232449274667522
177	-0.20592053801942134
178	-0.2561349544296285
179	-0.36419730968022757
180	-0.4204428315042845
181	-0.21923656787930312
182	-0.18277861837756282
183	-0.06984511307167507
184	-0.1450852513071621
185	-0.21761134428969076
186	-0.3718641357568293
187	-0.24989504345942537
188	-0.19367637367287482
189	-0.27623415460671685
190	-0.28875198063955043
191	-0.1936729805769417
192	-0.25151668577592723
193	-0.27072778242905304
194	-0.3717434577644214
195	-0.4990493889586842
196	-0.3656783344658976
197	-0.39548192434544127
198	-0.41792194472349387
199	-0.3683816534663773
200	-0.5298518653300865
201	-0.5505823869088724
202	-0.2501960724606085
203	-0.13280175573324637
204	-0.322140324779042
205	-0.42383675857231795
206	-0.2996485837022447
207	-0.18278335290039127
208	-0.19046013097087933
209	-0.4483653996717738
210	-0.37266880784421996
211	-0.4361357299471216
212	-0.45865653631338343
213	-0.16206466304567613
214	-0.21933443566928545
215	-0.3991041023733315
216	-0.38830359009430104
217	-0.168899139426677
218	-0.19949410827317138
219	-0.22234374615545072
220	-0.34999857915348276
221	-0.5094583791943252
222	-0.2505859619263049
223	-0.2888287880737588
224	-0.30860919718836044
225	-0.48147133015582
226	-0.3520958975900639
227	-0.19166069467792557
228	-0.08322164892637574
229	-0.25396283571021705
230	-0.3665335035372568
231	-0.17920276687936454
232	-0.23106033097905954
233	-0.35850046171517214
234	-0.16227756235194768
235	-0.22408250951610142
236	-0.18975659443472903
237	-0.2553742067771019
238	-0.12162423198079786
239	-0.024570895346252897
240	-0.14452343112957777
241	-0.1163612654738797
242	-0.08014105604112665
243	0.0436648806714075
244	-0.10262224142502863
245	-0.10412606082800657
246	-0.33348801863432076
247	-0.022482808737586346
248	-0.11970771469726049
249	-0.14228390826774984
250	-0.025517164902678857
