,tas,rlut,rsut,rsdt
0,-0.0828312194058185,-0.056337426075316444,-0.3409020939468519,0.029155672872889227
1,-0.09636193353946965,-0.08107117119686791,-0.27872734778215147,0.018998356696783958
2,-0.09210710458052063,-0.10511570076928933,0.11475419538726328,0.017158365447016877
3,-0.0549240483450717,-0.05423153537614667,-0.2347720190965248,-0.0013397522853892951
4,0.15573013948051084,0.31446746199233644,-0.3578077074857333,-0.028597791764923386
5,0.11729902273435755,0.5174747891888671,-0.23976314966822088,-0.04497273660007295
6,0.0730020811233203,0.3439562860436354,0.03717171802895791,-0.049630180897679566
7,-0.10767515745561695,-0.029791551944043704,0.44598094401257526,-0.03774480575719963
8,-0.18171258680200708,-0.4864462200291939,0.16197636271718352,-0.00558439882638595
9,-0.06720147791440922,-0.22237582931609268,0.06411612528889066,0.021882671185721847
10,0.10685611168526066,0.1711645821431773,0.19309962266642344,0.04234128266938342
11,0.13057962770943732,0.21476439901832123,1.1199938247015098,0.03780228156489329
12,-0.31183792714978154,-0.6949602723180419,0.6869861434788618,0.014901642570293916
13,-0.3387268793901512,-0.8302446457694259,0.19383355222527143,0.0008331508648780073
14,-0.16568115695224606,-0.49081537848823587,-0.1425884687911605,-0.013341210641897305
15,0.06005927702324243,-0.20921659467103382,-0.16773415296087535,-0.023444646326083785
16,0.11955514098508502,0.21217611988024032,0.4841041227059293,-0.029045258849407674
17,-0.08087097184528602,-0.2709932577096197,-0.053565991572583016,-0.03740458154550197
18,-0.09928109902352844,-0.5243443680785163,0.023358894465644653,-0.018805767723620193
19,-0.10271848180042298,-0.08278758792795315,0.14559119127630993,0.015063661783983662
20,-0.11267159525857551,-0.4309254237177811,0.14487897038185338,0.017239716196002064
21,-0.19778716073437863,-0.36637263928551533,0.06943055556210709,0.03836840146874465
22,-0.04677649948433782,-0.3670092465055177,-0.2629687302705861,0.026576989577506538
23,0.3368215412944551,0.15108361350061728,0.22104427729729537,0.00913864396579811
24,0.034528297495228344,0.19506446702038716,0.22578232271604293,-0.006456978674179936
25,-0.1334113775322976,-0.25602403136653606,-0.32514890290715925,-0.037142881478473555
26,-0.034875757503243676,-0.5966904128486874,-0.10867266521515262,-0.05058166954995613
27,0.021282985655716402,0.15197370807027255,-0.2793011997141832,-0.05957310716530628
28,-0.020012353071024336,-0.1296460196221858,-0.21450964095473068,-0.07066659796845443
29,0.10694234703998973,-0.25212506969111814,0.06609195519223476,-0.06851338049074229
30,0.26423719250601607,0.33052515633741564,0.09391112687389125,-0.041250351387589035
31,-0.024053696723001394,-0.21415779393325352,0.11568274525833999,-0.0035180855475687167
32,-0.08937034264283739,-0.3671637607365881,0.17269391489857355,-0.013210682963517684
33,-0.15885507785441177,-0.847587534218178,0.7959313261660412,-0.01734061665194986
34,-0.33111728375098437,-1.5491482463214368,2.6230646246882827,0.027408884366366237
35,-0.24338203231650368,-0.7348461508877051,0.5711045042609868,-0.001925106357759887
36,-0.1763130475710568,-0.649879024497551,0.394068177695587,-0.031739612212845714
37,-0.11142929191350959,-0.3022517973608956,0.3280557804191062,-0.051784859300710195
38,-0.12482342502187294,-0.4588989429574326,0.2126217392495704,-0.06035570929441292
39,-0.1200468280367204,-0.526138871860752,0.2840924855298965,-0.06246441810355918
40,-0.04787780867656011,-0.325237168913759,0.11265323429260832,-0.05569981856177719
41,-0.13406593413651535,-0.5043491686627419,0.37862868371398406,-0.006932662459178118
42,-0.025256764778816887,-0.24800098645152957,0.0355452428639893,0.03316258363787483
43,0.027571400263866508,-0.158409129062278,-0.2737497885873239,0.0663287652292297
44,0.10249701119442989,-0.03345006728287103,-0.21162907358964844,0.10303067039740199
45,0.298357099965358,0.37664145687364226,-0.052530048787374994,0.06819143453844845
46,0.1611171375086542,0.2870679332228008,0.08574068066185703,0.01638121696549888
47,0.014309787908075577,-0.19333895608360763,0.11753560666122098,-0.01263867725486989
48,-0.061787360423068094,-0.448031118080479,0.381684171249546,-0.029224762911042035
49,0.055948952620951786,-0.48826073414514326,-0.12121470117091349,-0.04606880523056134
50,0.3259653513481453,0.19603319219638138,-0.04362983146204158,-0.03399198340144949
51,0.22213375590047235,0.1615850610248799,0.2878071567744058,-0.07426407279535852
52,0.003545104907516361,-0.3292141757790148,0.7756878751111458,-0.06975649687944951
53,-0.26297722047252137,-1.3400052468497563,1.2240940090242987,-0.03443897529081141
54,-0.14395358120560786,-0.8552529469399985,0.6741945402328611,0.029593961633963772
55,-0.01390055165194326,-0.394149707492204,0.11086148903454784,0.0007919498851265416
56,0.11108981581645594,-0.053374267556449695,-0.09052425990218183,0.048783606196195706
57,0.2028505050163858,0.017419572957749097,0.10014681154733296,0.021875472650890515
58,0.15113595131333568,0.18870635123082025,-0.06380215132320188,0.037118888394559235
59,-0.08793731383627801,-0.46137173696794775,-0.015443522182181368,0.00686162463847495
60,0.023151859676318054,-0.5081824183759238,-0.22466438954401724,-0.0183059173165816
61,0.2197952541508812,-0.04993210481930532,-0.08234266949111202,-0.05290727544195306
62,0.1282878537016927,-0.32169835949042636,1.269405509112076,-0.06617432972802817
63,-0.07243089719605678,-0.6900718572083235,0.9647897623360677,-0.06319021531464841
64,-0.08729077308862543,-0.9190956609539569,0.5546070156910474,-0.03635494722703925
65,0.0777897582538003,-0.35329003693703953,0.3178576590045594,0.040222435007081
66,0.040308973838250495,-0.35796835574930697,0.04808772897000324,0.10237291752099509
67,0.1393576975257247,-0.10922542544767566,-0.37291955998172455,0.1429162302383702
68,0.3502278263771359,0.301738757250547,-0.15094359311655126,0.15038960068073948
69,0.2757730625780255,0.18942887416972098,0.16815661683412486,0.08486408589931216
70,0.13730939684876375,-0.18801280712617086,0.38162500248598974,0.028441976248245737
71,0.08761419486921795,-0.3874839494594937,-0.13461936767544103,-0.009450606744621837
72,0.13302927544270915,-0.23718471984034295,-0.04181104824017723,-0.04365700901416858
73,0.06593366462664108,-0.30842966513560555,0.18379992453135685,-0.051956692314774955
74,0.1790918822677554,-0.35208075795583227,0.07836976453465638,-0.03657813896558082
75,0.3725257849062018,0.037575825006427976,0.04927945749174967,0.004477102848284176
76,0.3320278357290931,0.051123689102951175,0.25163262602741554,0.05739162407689946
77,0.20715716688783914,-0.2092276852985151,-0.3238116680510501,0.10395547028639385
78,0.1623303030593206,-0.26605394723875975,-0.07298743707120536,0.07577176480629078
79,0.2953932669255437,0.042925879655086874,0.0180927368991064,0.06045705573006899
80,0.39438201911167425,0.08689021501390926,-0.05929934818053084,0.058292309302373724
81,0.42742614477850793,0.32353244155234506,-0.14676876338461398,0.016906422016859324
82,0.18836238908630776,-0.16743825150908265,-0.22967805068509506,-0.01486337325070508
83,0.27926204908544605,-0.260742107798535,-0.06734811112957573,-0.02867637448525784
84,0.36049495684517296,0.12436483575405077,-0.1493276757506834,-0.013115123119689542
85,0.16035577514378474,-0.11497222492960191,-0.022985511436061756,0.038077679292996436
86,0.14783512640343588,-0.5368679297933738,-0.1184571506281884,0.14869326082362022
87,0.2739102529956199,-0.10110786798995264,-0.27075058584051703,0.15490998897632835
88,0.3722715724086356,0.05510833262002279,0.024931015023568648,0.1367696351394443
89,0.2975687157398852,0.27321030915331335,-0.1386273984197004,0.12821758146998263
90,0.370886698549441,-0.1059062215207689,-0.1892913170140389,0.09412172454881329
91,0.5572199248752554,0.28972979111205177,0.05923472656311901,0.06219905888036692
92,0.3663223676861094,0.1931826962466232,-0.4606114781189916,0.02606557898320716
93,0.3117919745346853,-0.20435094207562088,-0.4251773677460591,-0.009873570492459294
94,0.39456567948923293,-0.10837510610699042,-0.07818747841122331,0.0011788461572450615
95,0.5007347276069822,0.29866832746685645,-0.36588821136741956,0.0682104105501935
96,0.5522487463524044,0.3309950879318535,0.038998371864835235,0.10190280779698924
97,0.2631903440465635,0.0008247990610357192,0.18603447304114695,0.1891917520974289
98,0.1553311633944645,-0.46782254789715694,-0.10219179821319813,0.21969719139661947
99,0.2152563124117819,-0.5027652628381247,0.07179206267009874,0.18800484284315644
100,0.2997893345709599,-0.07964234166621509,0.21516474151863463,0.12466067075433784
101,0.24525809293731982,-0.18202054263377931,-0.10325012878617201,0.04053481753987853
102,0.3539088472936669,-0.1451199916162409,-0.05566282078670781,0.035845826101081
103,0.4635011113447831,0.09359825934203059,-0.2297777026411154,0.010937685552107723
104,0.6099307609067068,0.3314938712837261,0.7277197377976279,0.01139482112978385
105,0.14668034665913865,-0.298428458931312,0.48296437451729446,0.0635510435099036
106,0.015050057590940469,-0.9302271749676834,0.3484149009904627,0.18097028583207475
107,0.04776386736097038,-0.6560758524405514,0.5766364921409917,0.2874097723065461
108,0.23752937623652315,-0.3861833718919456,0.10821027927366345,0.2998754791474312
109,0.33984375761627916,-0.1806975621460083,0.03303445526238136,0.24117777969854615
110,0.54586038328722,0.047848099153270596,0.18845929724713528,0.19896105998390112
111,0.5062587835436148,-0.09847839005124115,0.3923307424843756,0.10629671677543229
112,0.3000500886154782,-0.5897017423992565,0.32106843856128364,0.041574501488298665
113,0.4148821392102491,-0.7636207842716658,1.7144912740768916,0.019613782029068716
114,0.3024414868863232,-0.7930106467642588,1.7782188807542667,0.00951023818890917
115,0.07870089784563561,-1.1090069072058952,1.0191413466101409,0.01514377423058022
116,0.09185838756269504,-1.0526979782135868,0.7384886905643242,0.06374347492305787
117,0.08687000259101296,-0.7966907796313762,0.5052903104623425,0.12647837931064032
118,0.13842325854773208,-0.844865716083433,0.6963233767419297,0.158381755947687
119,0.14953503830429327,-0.9157156013439476,0.4136410910295325,0.16274440362644782
120,0.16290605761429333,-0.8154371471347872,0.4442617412464074,0.16588183209483987
121,0.1625707404968466,-1.2375580070081185,0.8291979904071809,0.11347925421785021
122,0.2943031601744792,-1.0362543712662386,1.1118785087183625,0.10825853516865891
123,0.4651898861236532,-0.7791322380619476,0.44307459857243714,0.05276571144014497
124,0.6724928368441851,-0.19536269193167755,1.1283108732157956,0.025873239156510408
125,0.26097661398489436,-1.0463101314091716,1.3896943266212105,0.026578737801060015
126,0.20593049732070767,-1.2299675992186678,0.9544915584801998,0.017887578804504756
127,0.25943024739115117,-1.2298631604087973,0.9016529032790999,0.07655517687919655
128,0.2810153848189998,-0.9513942414801022,1.0651314054205017,0.1648011421440856
129,0.36256657676295845,-1.0469516186222165,0.49943535175313514,0.23758831131317493
130,0.532485298958818,-0.6113785243970824,0.7510458374672311,0.2245167127200034
131,0.4938703299961844,-0.6048739099985312,0.40766778370097256,0.22962543490962162
132,0.4704213427328341,-0.874648443996648,1.266938874628309,0.14487730024296752
133,0.45245140316916377,-1.2220471171993381,1.553501502016914,0.14050233971886428
134,0.4682424798641023,-1.0446303622013602,1.2996816742722643,0.04395069115560091
135,0.34114752830356565,-1.329520134909103,1.106510655363735,0.011169230165080535
136,0.3594386284419784,-1.1107469921303448,1.1923446682272072,0.014866916481423686
137,0.3377326536166265,-1.522725990084524,1.1159716832619608,0.036496936078208364
138,0.509804162915259,-1.1812370576437843,0.5191354669968433,0.12348605126805978
139,0.8549852624358323,-0.3585754975786699,1.102948780188072,0.24110882630719743
140,0.40572253081455756,-1.315389255365659,1.344943952527018,0.2182153136639613
141,0.1741738973545921,-2.314681179610318,2.685762435732144,0.21760215105985026
142,0.09336988346012731,-3.127635887342734,3.5220783459950553,0.1750076872194768
143,0.3343909080723506,-2.1843597990107924,2.4803911693199154,0.08087690460416752
144,0.4039018078733534,-1.8155231138877923,1.176167107085405,0.02623566053284776
145,0.4823554076192522,-1.6222668730424914,0.9749777171720098,0.014519783260880104
146,0.4317576925126332,-1.6768615762578065,0.5530185873013096,-0.00903314090277263
147,0.4977008099533009,-1.6090674152222562,0.5716859538016195,0.023272482223092084
148,0.7278973891267242,-1.4318482676877693,0.5525633377569363,0.11399583488707776
149,0.9638686661992324,-0.013227080941106806,0.9502243217761333,0.18012825800514065
150,0.5552388020076364,-1.0321822727147776,0.7056891129954153,0.22773799140179563
151,0.4565759463594077,-1.6032184065600745,0.42024395069668685,0.210016728544133
152,0.6183078051856796,-1.2727487643766437,0.5317650584809144,0.21748798281646486
153,0.8279613207319017,-0.9663035824642066,0.5866771909798416,0.09999839916372366
154,1.046199802298645,-0.8355125045518719,0.365545922495798,0.0473402317553564
155,1.0294768708788524,-0.35150285979446494,1.3724200016596484,-0.002318800947477939
156,0.624708125639529,-1.5568793535965426,0.8329291046378984,-0.015361273628172967
157,0.5581987800139245,-1.6572498905082398,0.6680186230967564,-0.037083850721217004
158,0.8007954583868582,-1.415123753713118,0.3759895511422542,-0.04211357023001483
159,0.82672265795361,-0.6868891156786106,0.7565213794013061,-0.041837346365468875
160,0.7454451104063651,-1.312670289893589,0.5913161962906344,0.0008677356627231347
161,0.5799201930510094,-1.7479486959341557,0.7142953656020126,0.06693268292235643
162,0.750009792894275,-1.3295261070946935,0.6915521090171239,0.0956430324571329
163,0.759779104353413,-1.3372787860580502,0.8748484463602324,0.11036830773508655
164,0.7978930788872276,-1.2056335245476646,0.23822323839354453,0.12976636904045336
