,tas,rlut,rsut,rsdt
0,287.63090960452604,238.3463267389507,95.93471064913382,340.2554593967922
1,288.3630633824265,238.41705685151535,95.43746673221911,340.2554593967922
2,288.76445969936395,239.04470189959136,95.31405540586574,340.26457466021293
3,289.23628296277,239.85965270487569,94.33552376021231,340.2554593967922
4,289.6330844353479,240.7005097206901,94.31072715233917,340.2554593967922
5,289.6727746299752,240.61492705378836,94.69971353298446,340.2554593967922
6,289.6629446896747,240.94069323763077,94.87717023159671,340.26457466021293
7,289.7910806410058,241.1665989255399,94.34481536146166,340.2554593967922
8,289.91005641804855,241.19355288877762,94.59546429238232,340.2554593967922
9,290.04902199619954,241.44987459344657,94.5587468710941,340.2554593967922
10,290.11492503320426,241.62218531780266,94.48829243711754,340.26457466021293
11,290.1401404489187,241.49629000262485,94.29616377288721,340.2554593967922
12,290.25011117723176,241.6620003680317,94.15356415943154,340.2554593967922
13,290.39121951421635,242.3145203295641,93.9713630395906,340.2554593967922
14,290.40553139768275,242.23289608495068,94.2961478965958,340.26457466021293
15,290.326478351932,241.75660362416923,94.22405133864284,340.2554593967922
16,290.3897562171483,242.11817984625364,93.99392324756165,340.2554593967922
17,290.60385713410005,242.31000803002004,94.03874592136073,340.2554593967922
18,290.6270466011601,242.68417863251838,94.23672994235169,340.26457466021293
19,290.5098087220393,242.10739214673333,94.05139119852957,340.2554593967922
20,290.5985213139531,242.37034931732248,93.92104126148718,340.2554593967922
21,290.64775517996424,242.385757234224,93.77398646007386,340.2554593967922
22,290.69733712276934,242.669696438937,93.7000284522399,340.26457466021293
23,290.8349201585275,242.9193537180503,93.86409966625553,340.2554593967922
24,290.7363896921748,242.70489606089916,93.99275351073278,340.2554593967922
25,290.83361065655095,243.01591081391064,93.67769519409715,340.2554593967922
26,290.7850930898631,242.7377198383732,94.04139464371218,340.26457466021293
27,290.7992018513445,242.5365753210966,93.62996490991395,340.2554593967922
28,290.7283311573639,242.8677618174831,94.211457618078,340.2554593967922
29,290.63286530072156,242.48423758222768,93.96447976562968,340.2554593967922
30,290.7755888966435,242.97923914605244,93.72328291411365,340.26457466021293
31,290.71745124765306,242.66709640539952,93.90040019545451,340.2554593967922
32,290.87242718418776,243.12026238535518,93.90501549564806,340.2554593967922
33,290.70941049243396,242.71243627338717,94.16550777019187,340.2554593967922
34,290.6919125401076,242.4794703304542,93.86317843139686,340.26457466021293
35,290.82232666584355,242.91521031109892,93.96361403378758,340.2554593967922
36,290.90367760089714,243.52102622095344,93.71543127566599,340.2554593967922
37,290.7221028779971,242.7004033774293,94.31563131821822,340.2554593967922
38,290.79346374030524,242.80028304258565,93.81706578552188,340.26457466021293
39,290.9256236702604,243.17349744580838,93.5700792134,340.2554593967922
40,290.9051134771573,243.28756777000584,93.60030339254632,340.2554593967922
41,290.7794176528416,242.75141596610135,93.941874396365,340.2554593967922
42,290.8715418955018,243.34943246186185,93.87966032534786,340.26457466021293
43,290.8070645522715,243.057947960184,93.96208916343363,340.2554593967922
44,290.7758154914802,242.83084815307538,94.13877092004101,340.2554593967922
45,290.76315631445465,242.74757427123862,93.72563377030428,340.2554593967922
46,290.88831069525037,242.93911296605572,93.77335410109356,340.26457466021293
47,290.87329930921953,243.22488518051964,94.15833617403406,340.2554593967922
48,290.8031721185466,242.8162977482103,93.65179924806596,340.2554593967922
49,290.8875532521825,243.1352655856224,93.62851595593429,340.2554593967922
50,290.972451899084,243.3750342863434,93.7943882208511,340.2554593967922
51,290.91764783566197,242.99449506478138,93.79032393294692,340.2554593967922
52,290.93328966629184,243.24566960043663,93.53359806932377,340.2554593967922
53,290.86263449249344,243.11985438656643,93.48294664602747,340.2554593967922
54,291.0900029587038,243.48746038010322,93.7582276715746,340.26457466021293
55,291.02846883844046,243.37117897440146,93.83485041206278,340.2554593967922
56,290.9833233300683,243.20368650434318,93.53310725784924,340.2554593967922
57,290.99494492079657,243.24818950255928,93.32629123778742,340.2554593967922
58,291.00005152033106,243.4624988500382,93.78277660292748,340.26457466021293
59,291.01650460848606,243.3103175966148,93.31528296504763,340.2554593967922
60,290.95171311958916,243.672012216065,94.34294990606581,340.2554593967922
61,290.7679797865723,242.64192240872012,94.02240552927985,340.2554593967922
62,290.8762547037058,243.10062752695157,94.00508356338507,340.26457466021293
63,290.83102777297296,243.25148610554888,94.30425793426355,340.2554593967922
64,290.8553548017287,243.00635924162665,93.74627536244144,340.2554593967922
65,291.0019549800101,243.19944717824725,93.78868616670108,340.2554593967922
66,291.1057057352413,243.50178716350294,93.81007443071724,340.26457466021293
67,290.9215456404453,242.98222446774034,93.64374686384247,340.2554593967922
68,291.0083966234495,243.14839025626432,93.39310796306415,340.2554593967922
69,291.09818894810127,243.4685301650851,93.69541768963269,340.2554593967922
70,291.1446668058514,243.44199464886336,93.45652709500352,340.26457466021293
71,291.10231069459377,243.70831115117062,94.11050149993679,340.2554593967922
72,291.0400736317049,243.3308364876009,94.12730024981295,340.2554593967922
73,290.97667972361484,243.27887093833883,93.5698866105687,340.2554593967922
74,291.12979845269757,243.5561480120949,93.49881015826797,340.26457466021293
75,291.0520997122971,243.78315334879844,94.04971785051106,340.2554593967922
76,291.0113967816031,243.1102756769643,92.65877672447029,340.2554593967922
77,291.1974844572614,243.84653365406245,93.89851905355056,340.2554593967922
78,290.9794769261044,243.1688075215785,93.91260464305424,340.26457466021293
79,291.04438315064425,243.56361489309916,93.14144601050624,340.2554593967922
80,291.1461698069113,243.77564321851366,93.23950203319971,340.2554593967922
81,291.10083708280325,243.3803191491373,93.55975118199729,340.2554593967922
82,291.2305038272602,243.8472357203672,93.53842621537581,340.26457466021293
83,291.26772937486527,244.03340568020235,93.56853503819076,340.2554593967922
84,291.03309520127533,243.40166579314078,93.70031030727024,340.2554593967922
85,291.1416143192205,243.39245886287867,93.29344143508098,340.2554593967922
86,291.4586617134299,244.30194515954875,93.00004553581148,340.26457466021293
87,291.1969664860274,243.71236033419697,93.70176003809614,340.2554593967922
88,291.1733062026871,243.64285293511873,93.15449694223946,340.2554593967922
89,291.19480690723935,243.90218649280064,93.52436424756377,340.2554593967922
90,291.30237281212715,244.009759077091,93.74815611276773,340.26457466021293
91,291.106362507525,243.4754723752566,93.39872208735204,340.2554593967922
92,291.2675761511854,244.12327827157688,93.4893081694264,340.2554593967922
93,291.18264404065525,243.64004484072908,93.24734787105767,340.2554593967922
94,291.33213298688094,243.99706347799727,93.38626561267394,340.26457466021293
95,291.2906173307088,243.88750069127852,93.43624823747996,340.2554593967922
96,291.5037058813217,244.261883865767,93.30334999718094,340.2554593967922
97,291.37337306314816,244.08172837414529,93.10616277110846,340.2554593967922
98,291.35227489577045,243.87680799442913,93.18865485684059,340.26457466021293
99,291.45451478766955,244.14720536995614,93.30172749879932,340.2554593967922
100,291.33648897206854,243.88523412041198,93.01203316023715,340.2554593967922
101,291.4949066615066,244.19283198890756,93.21294566387174,340.2554593967922
102,291.4081502543199,244.1504177682822,93.45206035419723,340.26457466021293
103,291.4186933566393,243.9904539936276,93.1262695550219,340.2554593967922
104,291.6141097033914,244.52327568218536,93.18885497777869,340.2554593967922
105,291.4398560676295,244.12465102639953,93.44465201999446,340.2554593967922
106,291.45627696522035,244.00741587021426,92.89919637186023,340.26457466021293
107,291.5800359057186,244.61513981123892,93.25933048501076,340.2554593967922
108,291.4472219145111,244.1612716758019,93.05849211679202,340.2554593967922
109,291.5302341425868,244.33327000158957,93.643738911024,340.2554593967922
110,291.5401618607274,244.44994549437703,93.24525036151995,340.26457466021293
111,291.44300789131927,243.97635949439712,92.71008865776365,340.2554593967922
112,291.61813031590026,244.41063611654974,93.3627286915396,340.2554593967922
113,291.51390293370497,244.4992262147529,92.91323593916844,340.2554593967922
114,291.44685012230576,243.8714967535468,93.0871714333269,340.26457466021293
115,291.57030488749103,244.32431773661824,93.29081918113731,340.2554593967922
116,291.63352744955546,244.2092213482358,92.96687007309629,340.2554593967922
117,291.7206125005402,244.54642993277352,92.58387610864908,340.2554593967922
118,291.78118057313367,244.93028612572218,92.87446478204667,340.26457466021293
119,291.5839588173208,244.29452671658876,92.9612028923044,340.2554593967922
120,291.56106244685697,244.3841476272371,93.31569125985828,340.2554593967922
121,291.58740373967174,244.63978995678568,93.41627292755588,340.2554593967922
122,291.4650255116291,244.09753670044665,93.18264688827321,340.26457466021293
123,291.5601791569084,244.20963221019642,93.21406225384192,340.2554593967922
124,291.63118919805186,244.4355950934776,93.27278529294101,340.2554593967922
125,291.6979526446245,244.619124630614,92.89722711010477,340.2554593967922
126,291.70812231213785,244.28046146271413,92.99240034337866,340.26457466021293
127,291.81116730971104,244.87083046810906,92.83588038329009,340.2554593967922
128,291.6833636162568,244.91815980674411,93.48611690999256,340.2554593967922
129,291.59369291737767,244.16857886261343,92.38046627209529,340.2554593967922
130,291.8068441865396,244.8251424928376,92.45230190976254,340.26457466021293
131,291.85161036587397,245.1464871223832,93.02887963281859,340.2554593967922
132,291.59653020729456,244.25373073134335,93.10089327666743,340.2554593967922
133,291.74567415882785,244.6635564328726,92.80057570338282,340.2554593967922
134,291.81803752016975,244.86387291166253,93.31217454931459,340.26457466021293
135,291.6347755856114,244.20692332454746,92.83845671380602,340.2554593967922
136,291.7522432060578,244.99042151558493,92.85210942554095,340.2554593967922
137,291.8453431881321,244.98700428869742,93.014160964943,340.2554593967922
138,291.6945667398859,244.63319698219814,92.83575396597952,340.26457466021293
139,291.88676527001115,244.8333570400205,93.04674337377696,340.2554593967922
140,291.8557704759027,244.88935421289935,92.89632050545062,340.2554593967922
141,291.6462057642133,244.18117103218626,92.75848021010194,340.2554593967922
142,291.7846945770195,244.62019930979554,92.67512752744308,340.26457466021293
143,291.9996725791087,245.27735629638622,93.06758662948262,340.2554593967922
144,291.7448706305729,244.42847484131622,92.62344361351016,340.2554593967922
145,291.8951578026785,245.034466662359,92.62273123244582,340.2554593967922
146,291.9248595710709,244.89219343022737,92.76385400820226,340.26457466021293
147,291.96244032330554,244.77710853270935,92.49245830038721,340.2554593967922
148,291.9577219080089,245.08342473865196,92.84514851674938,340.2554593967922
149,292.0121595561597,244.95582794967947,92.82430129873899,340.2554593967922
150,292.02325220971915,245.1088520151235,92.30644027811336,340.26457466021293
