Year	tas_diff
0	0.4388061571681453
1	0.1949967638576534
2	0.007819377491178808
3	-0.10324664921375294
4	-0.03194435873055368
5	0.14186580738078175
6	0.07834575303388776
7	-0.17859170111334818
8	0.0005516060528941713
9	0.11946613580770954
10	-0.06051007966005844
11	-0.029684888882082747
12	0.08798438504751706
13	0.1694676138556534
14	0.12841715014229613
15	0.06440069480497847
16	0.1172752974850884
17	0.11750461178106095
18	0.034698054915803044
19	0.12635246288190288
20	0.1669018425833201
21	0.06622595393744951
22	0.1459718719680135
23	0.21849665483042582
24	-0.056723332521591896
25	-0.12133620353631397
26	-0.17170810716533308
27	-0.08193196842698831
28	0.0010040819508903912
29	0.1694981187831359
30	0.25831214735648317
31	-0.09200092654851728
32	0.28075840012979264
33	0.07280407639640352
34	-0.26569019835115254
35	-0.03581721317943651
36	0.09645833332506835
37	-0.006811017260913488
38	0.06545967019100538
39	0.24240773523160267
40	0.24258548812921327
41	0.053599987547481194
42	0.1692561358353864
43	-0.04203076740851903
44	0.11961557761006107
45	0.22211646198759613
46	0.24756351030751877
47	0.011562658884323812
48	-0.055152540451525775
49	0.1548511281251601
50	0.2947012557155204
51	0.21971983070423914
52	0.12496978274120832
53	-0.08994097413959679
54	-0.0063951864432942596
55	0.25596969492511445
56	0.20793015964377642
57	0.04960191958900177
58	0.009195134498521856
59	0.032634579416959644
60	0.18520853471874885
61	-0.015043210377984326
62	-0.06760750746560276
63	0.071332940006958
64	-0.018479756484305318
65	0.06947320140442464
66	0.043487445307910225
67	-0.061159869034501685
68	-0.0896701775618195
69	-0.029025798484473633
70	0.028170427384407372
71	0.12207388308075834
72	-0.04670478721404239
73	-0.13784783399712167
74	-0.06887198655099361
75	-0.11935111824042993
76	-0.19901868550655516
77	-0.20594960588288425
78	-0.08999773930540925
79	-0.16207761815167884
80	-0.14973198225102927
81	0.01842720233243314
82	-0.1016874275935642
83	-0.2729500495481758
84	0.09510476114218296
85	0.18401249083414808
86	-0.0228622840478504
87	-0.1360259775341604
88	0.0038975652753467094
89	-0.20831090796076643
90	-0.24710292793715655
91	-0.07499428813535594
92	0.01921885023974443
93	-0.0828601248810851
94	-0.18274295481647007
95	-0.2560385127006989
96	-0.07695511468805988
97	0.09803980613195878
98	0.20560409758714
99	0.16467503930332855
100	0.09623410008414424
101	-0.15527665907406168
102	-0.28565763497015184
103	-0.03812675929543424
104	0.0728088040560354
105	-0.056784660722634786
106	-0.064668590742056
107	0.06683011961446611
108	0.055078036156213095
109	-0.030113947149618847
110	-0.0840416176064063
111	-0.05451453239771571
112	-0.13793262803419348
113	-0.35537795680398665
114	-0.14215144231832216
115	-0.2711593820238379
116	-0.29765400819056553
117	-0.07459667604102244
118	0.09346073818417751
119	-0.08491820747061093
120	-0.14903869450679083
121	-0.1379353041599963
122	-0.2520417897527195
123	-0.1961570487570907
124	-0.1879450029898493
125	-0.0804502979369512
126	0.09042930452085858
127	0.19197551552165978
128	0.15976450560091177
129	0.013137709467699238
130	-0.03487155676763254
131	-0.02350525155662722
132	0.01792120553592068
133	0.1842381522743314
134	-0.055178115888214266
135	0.10033424953997452
136	-0.05235213713953073
137	-0.008203411430634522
138	-0.00875117044153878
139	0.04037975095749968
140	-0.032125975003925694
141	0.027317925245634297
142	0.07490188458873329
143	-0.19635314399556003
144	0.04918168325743338
145	0.09600283578775123
146	-0.03975617939711368
147	-0.16945328589690667
148	0.0086218517283978
149	0.16445070620404834
150	0.10603142011074101
151	-0.12497722996523064
152	0.02251091347954204
153	-0.019977550145747536
154	0.0679213193980136
155	0.10772706243518904
156	0.16779825053508146
157	-0.07561250856501944
158	-0.12152343451585068
159	0.28517478135248986
160	0.04955653247082481
161	-0.08477099851608316
162	-0.18814008199344667
163	-0.19508309066235507
164	-0.36624018479408005
165	-0.20071294448647636
166	0.06095003390847897
167	0.19708448760825759
168	0.033601051516413794
169	0.047378217904298525
170	0.13451837942470268
171	0.11795064422948709
172	0.1283599230406831
173	0.1943126527525243
174	0.11716115941435779
175	-0.08166379705892912
176	0.10541362788606778
177	0.054398027311814534
178	0.1217606098045918
179	-0.004294799086301371
180	0.04175606861478309
181	0.03968956880332408
182	-0.0834675223601149
183	0.06234926970667409
184	0.012139694924441446
185	0.12245898720754234
186	0.06768541585462495
187	0.02735048757788361
188	0.1279352068950903
189	-0.09978378831094625
190	-0.12117213677465521
191	0.24729392697022679
192	0.21397152229068617
193	0.09097943285612153
194	-0.07482598363960768
195	0.1440560672129485
196	0.14419526337665545
197	0.06060556549705387
198	-0.11247685436869848
199	-0.08397389374486774
200	0.12234667723535742
201	0.055955774745326536
202	0.09326332426193273
203	0.10572333780414045
204	0.15303601161434432
205	0.23159627755681278
206	0.08394484045723116
207	-0.016689066935314578
208	0.13763213560767307
209	0.1327974047176994
210	0.037405676385559694
211	-0.214310904083292
212	-0.019478600524013068
213	0.1113297592798288
214	0.056768379648449496
215	0.2219508148292526
216	0.3451333381295143
217	0.24261247684732368
218	0.09199411730628437
219	0.1579946814524007
220	0.05622835180152297
221	-0.06945353411875121
222	0.08438127352232083
223	0.16177557906288875
224	0.195893819337166
225	-0.014795332159153851
226	0.2187522153772843
227	0.17526224712811445
228	0.18332622176030355
229	0.08700241041749113
230	-0.05763005975633817
231	0.27857226821936365
232	0.17080262865592477
233	-0.015425899379611252
234	0.32934843150046955
235	0.16936745702931244
236	0.03699686813678227
237	0.04435177031929083
238	-0.055182605624361614
239	0.10619478507876146
240	0.10693187856923991
241	0.08887481509701534
242	0.10090226928439705
243	-0.008428450784204955
244	0.027934164997795108
245	0.19589478760910417
246	0.17752512019231226
247	0.12300430254454398
248	0.2643453382832499
249	0.06313485201373226
250	0.12633414940610344
