,tas,rlut,rsut,rsdt
0,287.4692289778404,239.54045428796516,99.19323064862675,338.18157161132643
1,287.44878613980336,239.62939536827457,99.52889818682085,338.1815933584547
2,287.44032562854795,239.39219581284894,99.2855237397671,338.1815758828471
3,287.4128881425299,239.47047709483664,99.30243340462523,338.18158451921795
4,287.48165010192827,239.67931151109846,99.2567934688813,338.18157870183825
5,287.3349675877515,239.35942161520234,99.65839095411201,338.18160363905275
6,287.2843066473261,239.32414085702987,99.06271926845041,338.18156975487864
7,287.4293956275815,239.51955780480375,99.05770214912435,338.18156395980407
8,287.3059512556165,239.31761575837996,99.43102097645844,338.1815844640245
9,287.2957184413665,239.3494749148222,99.52334708341368,338.18159094833226
10,287.31855268177134,239.3412713919389,99.0340181238437,338.18156507308197
11,287.39943706504954,239.53849375430363,99.6225004771406,338.1815923024013
12,287.30557932264674,239.27326368633337,99.34241146941288,338.18157605158075
13,287.3305652795373,239.52400862427757,99.20510771682837,338.1815680658347
14,287.2442026792707,239.0986614178024,99.34232608675607,338.18157963648395
15,287.50906948475586,239.60255531440467,98.93479075332095,338.1815600770759
16,287.4305197670146,239.44598034886963,99.79100951436057,338.1816118129181
17,287.4802658976193,239.34498482165534,98.6631297979507,338.1815449169883
18,287.4423431202627,239.62643190084125,99.32926582600483,338.18158019632955
19,287.35797082341327,239.46980813524684,99.19123439978587,338.18156891093344
20,287.4980655683752,239.4520848839746,99.2280885848137,338.1815680272418
21,287.4528539087281,239.4349473667481,99.04684906699903,338.18155217860345
22,287.5173869979139,239.83466334590034,99.24355329733845,338.18157158552646
23,287.3167966626944,239.2494482223144,99.20662106880354,338.1815718775977
24,287.4358896196265,239.67363562709252,99.0117542010372,338.1815625171303
25,287.435220099339,239.64988011961418,99.51618239324716,338.1815929763251
26,287.42613841671965,239.3646731604015,98.79269079523503,338.18155084683195
27,287.43999522143355,239.51245926990555,98.96680955109754,338.18155498383135
28,287.54872992630595,239.6193810509964,98.7719159529593,338.18154359670194
29,287.49060994490003,239.66128025716128,99.37959071998807,338.18157348142466
30,287.4277998432315,239.34114462944774,98.85683198616863,338.18154177490095
31,287.60997399559534,239.65565765710016,98.67507605839585,338.18153851359517
32,287.60551233839664,239.78763974896628,98.87711466438752,338.1815556612035
33,287.56384554938387,239.65091558045253,98.84039193982983,338.18155365491714
34,287.68391658636074,239.94138386776606,98.57600473875158,338.1815392031889
35,287.63262737228723,240.01539938251562,98.80378364234237,338.18154463276136
36,287.6073487586895,239.7714873214817,98.59616643118831,338.1815243519616
37,287.76683574222295,239.93450440694232,98.35493222827493,338.18150396184495
38,287.79839341882337,240.1294702944608,99.0050912222314,338.18153894303913
39,287.7233964010861,239.81607987121433,98.323031273997,338.1815007837398
40,287.81189850070683,240.05703767967077,98.49987575808927,338.18151162330423
41,287.7944166749324,240.12414150367485,98.71357322591416,338.18152128453517
42,287.7041197235151,239.86874719941497,98.72748811496619,338.18151881388826
43,287.68883976305716,240.07152072543104,98.40992937009084,338.1815038816015
44,287.9268429001435,240.04278136565435,98.10974994163782,338.18148608711334
45,287.869609318851,240.4137770245416,99.15827806906289,338.1815357141076
46,287.6961395973659,239.89568576334986,98.48973263723167,338.18149274827283
47,287.745995229243,240.01209098653916,98.3050132147374,338.1814833560141
48,287.73588300224213,240.1191107161984,99.15806982870306,338.18153265429993
49,287.8053303080478,239.9920093815632,98.13471385675295,338.18147277046245
50,287.8653211843733,240.28799031081644,98.41591679206736,338.1814921628514
51,287.88679901342147,240.4236862931232,98.20972247072494,338.18148785625976
52,287.8746638280448,240.41078289714122,98.69280470404082,338.1815219473618
53,287.757776618784,240.08295316589633,98.52012099627069,338.18151218952215
54,287.7594075038393,240.20921996326504,98.46064796287858,338.18151125231196
55,287.7359661343262,239.9947282627144,98.65058118283112,338.1815205521165
56,287.8058235637648,239.9445993951714,98.50414354041258,338.18151281667923
57,287.8140066265236,240.36012105897657,98.75716566619582,338.1815261567388
58,287.7687807381489,240.09614420564353,98.62853674420381,338.18151456720267
59,287.87591912708575,240.239597534353,98.53782417294069,338.18150485388384
60,287.80617718006823,240.26468952603727,99.19075595818786,338.1815368047144
61,287.77147739650144,239.81609153231133,98.30287490308747,338.1814869641151
62,287.8133753425895,240.1872086206049,98.7923779575873,338.1815172144429
63,287.8017919871683,239.96637897644268,98.52486003672612,338.18150600529606
64,287.7744009219912,240.2219776174934,99.08728911465194,338.18153377495383
65,287.6204256878812,239.76258815999367,98.53493028768527,338.1814979754012
66,287.7282579298863,240.03400490660692,98.58939037323721,338.181499993881
67,287.7806607484637,240.2777401468186,99.07181360958926,338.1815307070735
68,287.7159915019668,239.8241723295006,98.59912851577504,338.18150440415616
69,287.8036696687219,240.0719480385253,98.4977562956026,338.1814962697661
70,287.74052809311695,240.04219464161625,98.97755689325906,338.1815228387591
71,287.74737531887007,240.08848547750162,98.3554343843204,338.1814924452214
72,287.7535161807486,240.16086169908556,98.82498839567307,338.1815214968492
73,287.7099292202682,239.94763752658727,98.4046150899307,338.18149962926924
74,287.72769984623176,240.06366267758588,98.90620523275732,338.18153982763016
75,287.61031409296714,239.9020572031941,99.00479871725277,338.1815424771186
76,287.7176150794948,240.0221947095507,98.93080095430669,338.18153385513045
77,287.65325953595686,239.88732320049948,99.0372087063774,338.18153839575103
78,287.5848810501229,239.6589413512421,99.14292966346265,338.1815471613054
79,287.7440021835212,240.0335613431549,99.23665501279426,338.18155635149054
80,287.5024625440162,239.7170860817722,99.2641399979175,338.1815551483155
81,287.65068711783135,239.75217888209838,99.01251248947403,338.18154362657987
82,287.49798040240665,239.68630600329186,99.42711935579432,338.18156530185234
83,287.45624643714797,239.75370729875704,99.14034237409093,338.18155317882434
84,287.53760942989544,239.8806156563445,99.10719482687784,338.1815549320569
85,287.39672622336457,239.62876760866502,99.07405697882189,338.1815541663198
86,287.5433080155606,239.64947640256526,99.10098534137082,338.1815524412481
87,287.502912915932,239.56261679557053,99.45449083263235,338.181574766359
88,287.48701949731026,239.41402333372187,99.21819112288307,338.1815579993126
89,287.5074797114747,239.66492133969027,99.44169847497074,338.1815668734218
90,287.53108313079986,239.73780745267118,99.04974013552254,338.18155035261094
91,287.4307041576246,239.53689383773803,99.83179240901664,338.18159696289297
92,287.50269052307624,239.39179124609754,98.68610989879267,338.1815263114043
93,287.5445528622768,239.87326941329093,99.30388000293841,338.1815603844861
94,287.59506759088447,239.70452118998867,98.96858551825206,338.1815456975372
95,287.6061423621124,239.8249878628103,98.9499229092575,338.18154349009063
96,287.5570329907309,239.96707406410349,99.29222109138463,338.1815645109453
97,287.410022155793,239.4048717201457,99.43308775076049,338.18157113480606
98,287.4889894549137,239.3707165845475,99.28788857870734,338.18156056008746
99,287.48654681302304,239.62543436432043,98.9253771319503,338.18155104867384
100,287.55619875820105,239.60255826697824,99.3918851827853,338.181585209017
101,287.4076639401515,239.4382348895606,98.98311865574748,338.18155490974783
102,287.5794942311021,239.73134566272995,99.02842523850212,338.18155967598415
103,287.30183330227067,239.48116115551838,99.68694226093352,338.1815971936947
104,287.36750092671144,239.26474649708538,98.91743295484781,338.18156117221974
105,287.61185274973917,239.77919100839065,98.43302149963601,338.18153036624426
106,287.5418260233161,239.55628713885213,99.0543470645548,338.18156918185275
107,287.67323356081494,239.79684183849554,98.83635600267371,338.1815560611838
108,287.66506608593164,239.81986269498876,98.47310311591502,338.18153548492927
109,287.663096819212,239.95641977269904,98.62839646570909,338.18153925231746
110,287.58183048213954,239.80468195154592,98.62193091845262,338.18153685145603
111,287.7018847720496,239.89413723348574,98.5832951246291,338.1815283211211
112,287.64647124793254,239.69687770071675,99.21589107191438,338.18156523043854
113,287.72463088827107,239.86828788766616,98.38575217778681,338.18151358667643
114,287.83245584895536,240.1477814996894,98.42204602958769,338.18152272216804
115,287.8478892446596,240.18938948605225,98.59302832427642,338.18152884323405
116,287.6772716672584,239.89852262267314,98.63789249711566,338.1815273072735
117,287.7631436590948,240.05013463719854,98.96697209588929,338.18154055030715
118,287.6709324491715,239.90296998636498,98.67927202079268,338.1815242108957
119,287.683928929081,239.90702582443564,98.76451007831129,338.181528692958
120,287.7302305081259,239.98876501012282,98.51026751825599,338.18151388232235
121,287.7330572587848,240.07497029478512,98.7660184437555,338.18153165259605
122,287.76732604123936,239.94420843104845,98.89209524330566,338.18153580779216
123,287.70861420057093,239.9580734139621,99.24488143419354,338.1815493907343
124,287.67547552987503,239.87235729477746,98.56939872120815,338.18151404523064
125,287.57597480844714,239.97755821783218,99.5763844031094,338.1815735021464
126,287.48375889446686,239.29762705892435,99.16579508965845,338.1815502343077
127,287.58772400276695,239.82101610191967,99.61881231264066,338.18157593610425
128,287.5344118289339,239.52998783880227,98.98321656093225,338.1815425424771
129,287.5570377920707,239.77571825097436,99.26778338043931,338.1815554194928
130,287.61839143814393,239.79330261713082,98.6544063613706,338.1815144140098
131,287.64721591480054,239.891982174449,99.12419808798312,338.18154021587077
132,287.4962944876724,239.71413675141864,99.27462836956187,338.1815434927002
133,287.5164900733827,239.68552561696814,98.93806564366253,338.1815271086294
134,287.412356238,239.73305311603372,99.89347736810862,338.1815846828311
135,287.3950789420068,239.39127754483926,98.86169965296448,338.1815294834546
136,287.4943557206209,239.833662969173,99.03029344218294,338.18154169699625
137,287.5211449161341,239.65657322266404,99.12101524398189,338.1815451180523
138,287.5779491240159,239.6216701495438,98.86326137304546,338.18152932524976
139,287.452317495508,239.82723892505194,99.63636342854316,338.18157186168736
140,287.35610348991855,239.20825610236986,99.1345722777371,338.181545255857
141,287.4120202562407,239.49785793780572,99.25983830047232,338.1815607994955
142,287.47553449206885,239.56136929708373,99.10337279259987,338.1815660152179
143,287.3619151305022,239.36360141432297,99.1377574585105,338.1815723568237
144,287.34902458439,239.4134369251948,99.25942753431453,338.18157277474387
145,287.432810845952,239.5675515017806,99.1890253432246,338.1815771232494
146,287.39591015582596,239.35929430989702,99.44395383144928,338.18159761596195
147,287.3221121802948,239.24916607823738,99.13287621400643,338.1815755576955
148,287.6146136578446,239.92630814699703,98.85991500350814,338.18155890739087
149,287.41796866860176,239.3056434448946,99.27689539814621,338.18157128799527
150,287.57764753972816,239.62302666868717,98.88107520501184,338.1815441184696
151,287.6376366415191,239.96113833291622,99.34618200069018,338.1815743287284
152,287.56403769050104,239.62350330714025,98.52887435085854,338.1815232161925
153,287.6321142638489,239.92886481801304,98.66345884608701,338.18152518362837
154,287.56810238161955,239.6651345406165,98.6734426982215,338.1815258104438
155,287.69774672189664,240.01581650131425,98.35018956942675,338.18150861415694
156,287.56530146548005,239.99763602417252,99.2815446201668,338.1815625404135
157,287.5225756664768,239.55229670101104,99.06688353478546,338.18154280162076
158,287.5627712185507,239.48264904547037,98.72206612365282,338.18151544416355
159,287.5748334605046,239.8012853704597,99.23221107925026,338.1815508704213
160,287.6360434454318,239.66534248019528,98.57286649394189,338.1815180922645
161,287.64288802769073,239.7758124324558,98.91867381708194,338.1815420907472
162,287.5399908075993,239.77609621624094,98.79493252202194,338.18153894916986
163,287.61152236629135,239.65942279659657,98.7150961543303,338.18154287984413
164,287.8190375366266,240.1105716499695,98.53227781781983,338.18153938361087
165,287.6733918712831,240.213740923679,99.16570999268174,338.18157443097164
166,287.5840335336045,239.71747942723513,98.83920068953766,338.1815509445003
167,287.5795777757653,239.7659125735877,99.42122440035611,338.1815762535856
168,287.4772022682262,239.55184654185598,99.04417906159296,338.18155168193175
169,287.5769567484775,239.61967414931436,98.70887628401272,338.1815269091537
170,287.5514643160274,239.83054329413838,98.99863704986166,338.181542507799
171,287.42238077937265,239.5404189446672,99.15081363998797,338.18155717285725
172,287.47362388614033,239.66513465621506,99.23326774974838,338.18156813544346
173,287.35170809521213,239.4397180592084,99.41294745827436,338.1815747468392
174,287.39881109876865,239.5761683109843,99.01555700033647,338.18155318632853
175,287.4468494033219,239.6370931734631,99.69212436492212,338.1816027200883
176,287.4146141450803,239.44361686803208,98.63054463783998,338.18154516985385
177,287.5861704873519,239.85628137580102,99.0448694906877,338.1815692814234
178,287.51520036001824,239.52984327007118,98.95238307043324,338.18156100821403
179,287.5818551032869,239.9171882243835,99.00915146716635,338.181564596073
180,287.5412209447766,239.8516319725272,99.31578497266696,338.18157695873634
181,287.48037397500246,239.54767967130138,98.76793571094954,338.1815456315442
182,287.5838416419047,239.7312054564402,98.85277355790133,338.1815447353901
183,287.4713246253869,239.67549009458332,99.31895730876055,338.18156746822973
184,287.52955979755876,239.7868628255408,98.63920986287518,338.1815248078015
185,287.59914103050386,239.83982177168164,98.97851148744526,338.18154088032765
186,287.5971409662105,239.70716720936363,99.05358230172321,338.18154197059454
187,287.61695387095756,239.75343197667817,98.95411698885555,338.1815327690023
188,287.47507027734497,239.66166131846128,99.50354501392127,338.181561956063
189,287.52256196519176,239.50853958627246,98.61890841268352,338.1815117446684
190,287.47164508162354,239.71913586165257,99.45298837321735,338.1815595265274
191,287.4843532530989,239.5265344732879,99.13425450884252,338.18153705406536
192,287.2914262207391,239.32985305336172,99.31685596562177,338.18154852956917
193,287.42989300159945,239.61252968338985,98.78203075901037,338.1815211936898
194,287.4803809209573,239.63680206805464,99.45816394626435,338.18156261568447
195,287.442558357947,239.54256800705025,99.06450961875039,338.181541723248
196,287.4674942590448,239.54443655225043,99.02357374318235,338.1815419780818
197,287.5888060666121,239.9364809245337,98.63567646128168,338.1815194459551
198,287.5403538820611,239.78338198811187,99.60792737917888,338.1815781966806
199,287.604342464138,239.73062421625124,98.55521661957022,338.1815139778376
200,287.5164624004695,239.67924311183887,99.04659164848071,338.1815439215083
201,287.6032968501974,239.8469125998653,98.50076911536844,338.18151607552676
202,287.7748644516584,240.0745776262597,98.33067761047916,338.18150659676377
203,287.7246483496665,239.97106583192704,98.92830629887101,338.1815373857972
204,287.73357219389067,239.94754255372206,98.42469403872359,338.18151421821756
205,287.72530165827726,240.10146255401457,98.8592913553265,338.1815344375971
206,287.58521798251724,239.52509955809356,98.35745210486111,338.1815032087158
207,287.6624602956221,239.85635747230143,98.93933917977763,338.18152979774067
208,287.6682003583884,239.8426126416587,98.7602914669804,338.18151815257517
209,287.6468912411157,239.92120781160884,98.76368958728403,338.1815104114287
210,287.5757636733559,239.68825273728672,98.97866459789213,338.1815192628206
211,287.5756592952851,239.74121029339844,98.74886910564167,338.181514594073
212,287.73769484900316,240.04244974240353,99.0623021620591,338.1815432812278
213,287.62887598584047,239.95425054534783,98.55676685386221,338.1815148780667
214,287.61399430563523,239.9636681531216,98.9724034882073,338.1815351808261
215,287.56368928059106,239.8225577098129,98.95428808989458,338.18153668490896
216,287.6092630811891,239.69559045285644,98.82380482435882,338.18153363129085
217,287.60981163507455,239.78732306050765,98.74268548149509,338.18153502262396
218,287.67388978010064,239.9337296101256,98.28628402949512,338.1815165238812
219,287.62352549328904,239.878756199003,99.40044384876568,338.181576276961
220,287.5418814886321,239.4972145455871,98.92477825383234,338.18154453798275
221,287.6192277314664,239.91727431899506,98.84629186572056,338.18153234185286
222,287.703576962666,239.99928191994437,98.88828300748953,338.18153310974236
223,287.6331790208672,239.65057407129612,98.61351076681434,338.1815183616972
224,287.67228144840766,239.8611362280062,99.13315166552839,338.1815526711859
225,287.54988758987935,239.78649594970852,99.27507420141946,338.18155870579335
226,287.542525460024,239.6614077627601,98.6950722229713,338.18152607180394
227,287.58107242972915,239.9126048430011,99.2865049694707,338.1815598393916
228,287.5672370776993,239.82976179389948,98.6709980564073,338.1815243126396
229,287.4893116614363,239.77995358100029,99.3092496000201,338.18156337273643
230,287.59527124916116,239.70075016097746,98.4999228227132,338.18152563032373
231,287.58872250376214,239.88046269607514,99.48800197217166,338.18158786575015
232,287.5525022948391,239.958677369657,99.40091635384135,338.18157707479855
233,287.40394115626395,239.41090924452394,99.35583050782684,338.18156566317913
234,287.4177579750641,239.4191164784461,99.19794411457622,338.18154529309777
235,287.45774821187445,239.590267688144,99.11892435006399,338.18154120658943
236,287.58211331235435,239.5027205935852,98.77066522737562,338.18152642788135
237,287.6238353717369,240.0278023195331,99.15181659528315,338.1815637427251
238,287.545602305615,239.64319026892085,98.99384735591097,338.1815646961415
239,287.5818883199527,239.7697939173407,99.4468144368489,338.18159712372034
240,287.54064540772373,239.68438167366034,98.81944717959998,338.1815557235725
241,287.4326371298171,239.70259409150606,99.34093480063603,338.18157807949973
242,287.3500684254678,239.2561061184475,99.24688225559623,338.18156826888554
243,287.44932193645445,239.33794289919794,99.43005137033863,338.1815760938437
244,287.5231234566725,239.80400752534513,99.09992430383492,338.1815540252505
245,287.5395565149356,239.66100509409554,99.41934252524426,338.1815769731602
246,287.4396940051318,239.52327113881378,99.09651457395769,338.1815592495707
247,287.4941774300956,239.75581193050132,99.26367857206954,338.1815693571522
248,287.2752676637806,239.3548546761921,99.87591212021056,338.18160815901854
249,287.4002055135267,239.34888480604005,98.92027762684421,338.1815581154502
250,287.51976472721634,239.7176274048638,99.13608147027851,338.181576938796
251,287.43312902784277,239.43322723943416,99.10069506988934,338.1815741287273
252,287.4164038187141,239.2893073237801,98.99036562352076,338.181567688571
253,287.5712320650354,239.6449285704841,99.26443416226705,338.18157822078973
254,287.62895850308945,239.72497649507807,98.47740486859918,338.1815319803681
255,287.5968487835168,240.00138647065944,99.20320221765276,338.1815713433291
256,287.50192577066395,239.64645830127196,98.77752592753173,338.18154237133746
257,287.5539993833726,239.7336113563335,98.76439894433463,338.1815376253561
258,287.6966692606491,239.9363493014774,98.77916417552012,338.1815428276909
259,287.63268727854177,239.8719497786939,98.85911324210558,338.1815466536788
260,287.70268879390846,239.92407145869473,98.893672281389,338.18154387796545
261,287.49556045457956,239.57397064503502,98.93698110924548,338.181546563063
262,287.48462060765394,239.55109838634755,98.74250273924724,338.1815371704715
263,287.6338802711793,239.85966299764448,98.79808444425639,338.1815441049501
264,287.6341779618683,240.07384187135926,98.96303736474022,338.18154988849795
265,287.62092151881956,239.86722611579384,98.5497874605834,338.1815260821284
266,287.57142414948305,239.6457694780355,99.28717732063778,338.1815647221892
267,287.4898497476667,239.6169279289501,99.11978364673426,338.1815538817537
268,287.6614276664929,239.68976829772694,98.63537481605421,338.18152536131447
269,287.6036870825219,239.92340714310106,99.3018126948693,338.18156071216214
270,287.50217555339816,239.63910833740374,98.64087079119126,338.1815230261633
271,287.53682777675726,239.73366798393417,99.03630946210903,338.18154034519773
272,287.49011073652485,239.64716573120356,98.83865963812322,338.18153053599434
273,287.4771653528654,239.5721046712455,98.69867404568441,338.18152751895116
274,287.6708953741889,239.97176816177026,98.81418210754784,338.18153456275644
275,287.66941698122156,240.0393911325344,98.51980463344864,338.18152176520925
276,287.50317442335717,239.640783216597,98.8268883353835,338.18153781521664
277,287.5767904465225,239.7796813228368,98.67212858970355,338.1815358337869
278,287.5872443882284,239.86244863530794,99.2089178002252,338.18156161359565
279,287.5934134923659,239.6720339374283,98.83414068795798,338.1815421184382
280,287.6911173524921,240.14230498167376,98.42826693420544,338.1815131498397
281,287.6116933646853,239.82142920376234,99.36032589793707,338.18156845379406
282,287.55413627839704,239.67374365380132,98.65211081211096,338.1815258765421
283,287.6815436056951,239.95006030475693,98.43430310146285,338.18151398085683
284,287.6370179837161,239.96626714414302,98.73608407416515,338.1815284724877
285,287.6364455426672,239.80469411929622,98.40521429531168,338.1815048112319
286,287.7794723457573,240.27796753076066,98.8103740530114,338.1815284630341
287,287.6088120919396,239.84667616722598,98.46878070919655,338.1815125902044
288,287.6014205672562,239.83923212672576,98.85473414421914,338.1815343786663
289,287.6378809535269,239.95953543995518,98.96846344593881,338.18154373085986
290,287.57202597613593,239.97538932738902,98.66087552597669,338.18152685384894
291,287.5857499366038,239.91074186421392,98.71667630880216,338.1815338145597
292,287.7109146793677,240.0417263723855,98.58233414837123,338.1815274757567
293,287.60509415618026,239.88235938687282,99.16889799112683,338.1815597935675
294,287.58561813032213,239.91582306572153,98.75069268300837,338.1815376034775
295,287.6094862626282,239.96433592584052,98.32802187967168,338.18151516429333
296,287.69424953356815,240.01579190387204,98.50594867560937,338.18152582934476
297,287.57589916667825,239.9687412573886,99.41375416417286,338.1815829741045
298,287.6510145292878,239.74481185598142,98.14785582606532,338.1815055032711
299,287.83614777834794,240.19739581082402,98.47084378233195,338.181528835008
300,287.8043240053892,240.1004956916781,98.43939382697339,338.1815254501773
301,287.9129596327901,240.44081014182925,98.54301088826814,338.18152941777305
302,287.8232979605099,240.3656090645391,98.2899552188246,338.1815071358714
303,287.8523090165432,240.29646045332404,98.58732149308969,338.1815109409822
304,287.76213795832035,239.87463208632857,98.12397608859162,338.18147797089057
305,287.7968602166906,240.0881688948306,98.60685739033379,338.18149734541583
306,287.86436196235184,240.1445895030743,98.072494057221,338.18146560196334
307,287.83666231613915,240.27582364634338,98.88476243777559,338.1815168512897
308,287.6652055952575,239.71303524288803,98.4038014124614,338.1814915359059
309,287.8978066640592,240.32701864197156,98.39116121498738,338.1814932813243
310,287.80219128791003,240.30124062772862,98.58505048196872,338.18150305625005
311,287.804631889057,240.1085509338868,97.98018000464644,338.18147382931323
312,287.9903900756879,240.4518311032108,98.38048355287567,338.1814920733702
313,288.0082735566912,240.70235540876084,98.67195773843235,338.1815098442739
314,287.8625597390348,240.13720270267984,98.12896178933018,338.1814752431463
315,287.9988350897558,240.69255006201163,98.13820790774412,338.1814725970595
316,287.8500542987197,240.4089072528303,98.72009440687238,338.1815055119851
317,287.88009721086513,240.21594828459183,97.7382013731267,338.1814438526595
318,287.8901748630746,240.32666867890828,98.58411006261629,338.18148884810125
319,287.97288420226323,240.34798555159304,98.0336548592915,338.18145837236744
320,287.9777211065855,240.50888299370908,98.26439075214756,338.181476129528
321,288.0707334233038,240.456042285194,97.857518445288,338.18144761187233
322,288.0472636994608,240.5898698288626,98.59572938333736,338.1814847760191
323,287.9239043588057,240.37383595244634,97.96126527172699,338.1814416721407
324,287.908195075877,240.34348389166485,98.30673932334285,338.18146400609254
325,287.8621649887737,240.32075680460983,98.51117664701094,338.1814768583167
326,287.9308357998879,240.3789001107415,98.13094973252326,338.18145237386227
327,287.92117366367336,240.34924134917887,98.45801396942574,338.1814749404305
328,288.0057686520199,240.45208230758843,97.84675906195257,338.1814368512699
329,287.9925976869087,240.60884684753148,98.61868969554183,338.18147997754414
330,288.07253430542505,240.43744532408232,97.71913181474781,338.1814309277274
331,288.06149154890585,240.76583587788807,98.91366612831256,338.18150019602695
332,287.9415159254175,240.35091745401712,97.96226127089331,338.1814499865159
333,287.9391566563317,240.62723886297738,98.13548695017668,338.18146186735953
334,287.8542393628176,240.30917449494927,98.28046479682921,338.18146560743054
335,287.9014203211619,240.42626637171043,98.70312035728246,338.1814960874362
336,287.9122196756147,240.3585738061296,97.99338681118854,338.18145453362234
337,287.9710118478063,240.4613026986594,98.4148743728969,338.1814823440171
338,288.01108882008344,240.5467773834413,98.09940082591277,338.18146869301285
339,287.95598669453307,240.5736294550925,98.62578808675629,338.1815042842324
340,287.9411188829579,240.53422336689695,98.13258545601816,338.18147275418397
341,287.8370692581664,240.17547190994728,98.37478049269743,338.18148702580373
342,287.9250508261729,240.62822424542404,98.59586050310911,338.18150055517606
343,287.81877441911143,240.2778620956493,97.92285949946019,338.1814573091156
344,287.97253692135126,240.71428047719698,98.56464253809888,338.1814952523385
345,288.00490903709147,240.49125087671982,98.18923333379007,338.18147774822984
346,287.8827685555453,240.20708307478958,98.93525351917697,338.1815193601985
347,287.8913860504298,240.2390029439417,98.25716801185102,338.18148334052205
348,287.88063035891804,240.50201233371476,98.95591012007291,338.1815237700693
349,287.830356648243,240.0945765408176,97.91539449933782,338.18146043177416
350,288.0175589213516,240.70681750526094,98.32793623391518,338.1814786660921
351,287.9399326326995,240.3895559469912,98.27392681486737,338.18146824765915
352,287.87129587540784,240.27382464608968,98.29559875547612,338.18146640415983
353,288.04271032517426,240.616673776457,98.34114040421083,338.18146985959976
354,287.91250975325846,240.4505692774767,98.76576794238527,338.18149610839225
355,287.8579122357922,240.22672948907493,98.17225796302371,338.181462236994
356,287.887085586313,240.4656106904231,98.54952453569193,338.1814828456865
357,287.9166992728523,240.28644528244527,97.89787507795243,338.18144042884654
358,287.88612046172074,240.40355280206177,98.31616759093437,338.18146536484727
359,287.98784015567725,240.39812410082268,97.87706174003118,338.18144404580545
360,287.96163324890546,240.640529789961,98.08182552493635,338.181465135021
361,288.0545415042345,240.49701607431828,98.13784057201912,338.1814691612337
362,287.9542785699235,240.49539560459974,98.86670030720497,338.18149938873523
363,288.0284797107542,240.5953973805466,97.88347634815877,338.18144132335584
364,288.00322061988965,240.6901963777395,98.68235435289228,338.1814838557049
365,287.9618713483415,240.40758336648196,97.7802141104587,338.1814262320634
366,287.9831681617116,240.64744443001152,98.43848378846072,338.181456340933
367,287.9384176194599,240.58758563775993,98.12514426624551,338.1814317919
368,288.0366162733548,240.68186789948376,98.6353730738502,338.1814586125516
369,287.9029114329202,240.48618675319986,99.05822956704547,338.18147904986495
370,287.83566853922304,240.1537933877136,98.39585051578077,338.181434298066
371,287.97282731404493,240.73920174797672,97.98297738552976,338.1814129937077
372,288.00575734412837,240.33298463536605,98.34782636601864,338.1814354146834
373,288.12167189466214,240.81245529741,98.01896470144611,338.1814263728695
374,288.09179280942453,240.5109483827356,97.85474961226241,338.1814199475924
375,288.046469225105,240.70860244964172,98.38505717776276,338.1814539715392
376,288.1006801109029,240.78334200036736,98.04021359568289,338.1814365014912
377,288.16609586761814,240.75745950521943,98.04044181832388,338.18144107483425
378,288.09698621470767,240.71636255604463,98.49907148040546,338.18147125748726
379,287.9428285937157,240.22701165456053,98.09238672889667,338.181448473737
380,288.0837730367662,240.5820867057396,98.11236006761159,338.18145075331097
381,288.082203675847,240.61602774115602,98.61798304671738,338.1814879597047
382,287.94816746271727,240.26186313958206,98.4105625940549,338.18147371288336
383,288.04877613275465,240.6789981194887,98.24913272877272,338.18146567775324
384,287.8643513287851,240.3796828499976,98.90042210960843,338.1814986697565
385,287.90115558407405,240.55925070121063,98.13401432457731,338.18146045700263
386,287.75850337264893,240.32525479606446,98.90129279413492,338.18151508660895
387,287.6059918737678,239.9919431419763,98.6861550712603,338.18150932778474
388,287.6408493678794,240.01225592469677,99.14197800454137,338.18153709508283
389,287.5991228841639,239.92952950956894,98.60276035286519,338.18150280123876
390,287.73295308545755,240.3492565740729,98.32199995272242,338.18149085250144
391,287.6643991495401,240.14482059168094,99.2677004890604,338.18154319522046
392,287.6726263174622,239.98587054851848,98.68115928118583,338.1815150141556
393,287.755758396115,240.1979014778726,98.70970320429383,338.1815166549798
394,287.6434495820319,239.91455234138039,98.99627830643806,338.1815296363695
395,287.7319333275254,240.21734136611732,98.80826268595138,338.18151196071307
396,287.6667667977381,240.1217088082267,98.97754275857376,338.18152070271043
397,287.6215125629376,240.08842688526866,98.47784042466765,338.18149603229364
398,287.5458142873526,239.96571527584035,99.04749451293524,338.1815335499745
399,287.63248573012896,239.7610298454804,98.53921105520435,338.1815061575595
400,287.6456121140239,239.864492113676,99.5831870209915,338.18156893672636
401,287.624327271807,239.858832304452,98.30184925304808,338.181495949267
402,287.7096624721331,239.96416737901544,99.01258629047828,338.1815385221837
403,287.5489764877233,239.94940063357237,99.36389216550505,338.18155224532916
404,287.48843166119656,239.52490458356044,98.78882920564769,338.18152010537574
405,287.60960937276906,240.0292789029653,99.17873223947169,338.1815459193759
406,287.5370535653493,239.7572276436708,99.02281242945861,338.18153825762494
407,287.63380916095775,239.65282004574806,98.32508506773377,338.1814980905319
408,287.6976681027472,240.1170766170178,98.89993501672582,338.1815316319348
409,287.5105476356914,239.8167270693235,99.36582592578304,338.1815631122681
410,287.5490815640514,239.62940325596,98.72478582148607,338.1815224329198
411,287.57301066288403,239.93830095909462,99.33938650151659,338.1815598401635
412,287.4548676600952,239.73181369683502,98.86858983720157,338.1815347830835
413,287.45952852492036,239.50285572806493,98.51092772556846,338.18151205475556
414,287.61796763441004,239.88668001173997,99.14859711524792,338.18155356847404
415,287.62904198945927,239.89630305964303,99.02206991665919,338.1815498208341
416,287.59941603735115,239.75014986239702,98.43981449322706,338.18151537438115
417,287.66532761645084,240.04125836902514,99.03778735582675,338.18154781521264
418,287.5215156237854,239.74306414501734,99.26948590011033,338.18155730731047
419,287.6166813247224,239.79434451369943,98.51731739726881,338.18151095967454
420,287.62940319195053,240.04885071644017,98.51495814999261,338.18151660693565
421,287.64254838792243,239.82755492715773,99.10898224458928,338.1815529211805
422,287.73132709152685,240.0638277297596,98.21540658005883,338.1814960892855
423,287.72085660443196,240.1453913090694,98.80917725605518,338.18153039567727
424,287.7424912153605,239.99240641936092,98.43666107228815,338.181506381471
425,287.747932425702,240.05095366888324,98.63395139559884,338.18151709160804
426,287.704317216688,239.87537111520592,98.37862150808037,338.18149882535226
427,287.7756027224803,240.32697874623398,98.42094711432514,338.1815042391893
428,287.69297182109443,239.8879683619023,98.75148510122894,338.1815221787323
429,287.686830424625,240.21513980085675,98.7410177067377,338.1815298207657
430,287.66094487900324,239.81175628683079,98.67526847838258,338.1815296117322
431,287.6794559547711,240.06564326695568,98.59701443509522,338.181526593913
432,287.7527263681613,240.09225640881894,98.22004763778439,338.1815038687985
433,287.7584039665017,240.16332185227017,98.49074667358025,338.1815178239338
434,287.67176963158346,240.0835625407093,98.28894428266345,338.1815049813658
435,287.77219802920007,240.2997271849058,98.57699252348937,338.1815235187184
436,287.755779261251,240.14558451342327,98.98516837546136,338.1815479244055
437,287.6548270353835,240.19283034423268,98.80886669482292,338.1815460789289
438,287.6366208652384,240.02721007607022,98.75365415828038,338.1815413506331
439,287.54593605334514,239.85669975686176,99.28671861980843,338.18156910779754
440,287.64896118469477,240.07613495671387,98.47190026751674,338.1815196037875
441,287.60790618842907,239.91153978137928,98.9896601337119,338.1815434815484
442,287.64468441890585,239.97671887547844,98.5530333936121,338.1815168594006
443,287.601254301309,239.99508129442142,98.96339759512541,338.18153691745795
444,287.5893713070326,239.70633924253352,98.66501148638481,338.18151701125254
445,287.6753770294938,240.01666971510122,98.86923039342754,338.1815268397155
446,287.6929477875492,240.01601854767537,98.55561414436066,338.1815040728742
447,287.6277458729571,240.07185301373207,98.85991361794925,338.1815258226874
448,287.6676109139228,240.02538278512145,98.37864918857292,338.18149537671326
449,287.59067494495986,239.85814938275178,98.841353949301,338.18152061250703
450,287.6799685268875,239.92450642855624,98.14929749679625,338.1814847060555
451,287.6861692068641,240.1548990589554,98.78987882137561,338.18152619899485
452,287.6705922418368,239.86066577651476,98.639874150904,338.18151362322396
453,287.6479202395005,239.88354542699543,98.54686659150987,338.18150778138033
454,287.83482380038026,240.14221647681651,98.19724138116504,338.1814895100003
455,287.881621439836,240.50386442057354,98.8651968289705,338.1815344614722
456,287.78056793697925,240.13520144260065,98.26149861913444,338.1814939954777
457,287.865824610049,240.5496483941936,98.2996173265709,338.18149441015095
458,287.7041976065147,240.0632373106117,98.55288084173121,338.181503362604
459,287.73727126107866,240.18674729648617,98.21494857413678,338.18147909030864
460,287.7906435174006,240.20309193906996,98.82680223385357,338.1815091600403
461,287.724494274287,239.9368914203253,98.6831139384983,338.18150021469313
462,287.79927848016325,240.22725874600428,98.34740397309406,338.18147828701075
463,287.7588313449304,240.37492591048536,99.34643211607177,338.18153157214437
464,287.609049997903,239.81795861090347,98.70095877091603,338.18149163213843
465,287.72664944525934,240.12876819326257,98.19476540665728,338.1814587686666
466,287.6762821706072,240.06462535778337,99.23995839372385,338.18151766132877
467,287.67586570007245,239.86093462170152,98.70529428487998,338.18148869475567
468,287.6874817030432,240.21946513339526,99.22204748554567,338.18151570711893
469,287.6397117824909,239.80187502849154,98.60015792368466,338.1814815565171
470,287.7148025021838,240.13551695392252,99.01017488569089,338.1815113021142
471,287.59319794425744,239.86172708165043,99.0040113618757,338.18151098379127
472,287.5704116223674,239.88391135704728,99.02475518515632,338.1815120462865
473,287.4973964519227,239.7323634154659,98.95446804630946,338.18151365045713
474,287.44898066495057,239.67151267579936,98.88935098753284,338.181528698225
475,287.6056370330506,239.96100617677223,98.65476795486985,338.18151806109296
476,287.57840952454944,239.7151136065238,99.0139706569084,338.1815438416097
477,287.5179908449936,239.74156662559997,98.93718553563934,338.1815427686545
478,287.5295778187018,239.60346121547062,98.90781767099611,338.18154035598565
479,287.5387186042526,239.80828014215822,99.0091807227157,338.181543621604
480,287.48481274902434,239.7630280651837,98.76272059754866,338.1815315502435
481,287.5741898303017,239.81961485857462,98.67395000658654,338.1815313113451
482,287.71336909013803,240.18023725577189,98.38282751108677,338.18152973309054
483,287.5925655733152,239.78628863487714,98.68603144603695,338.1815460322312
484,287.6471082075496,239.81165413596509,98.41719508432597,338.1815252817029
485,287.79136467504287,240.22337314561025,98.50536369060609,338.18153461978466
486,287.72596505920086,240.1038576555264,98.7310269899664,338.18155294015634
487,287.7863228350438,240.10824123172281,98.39477981200127,338.1815283850545
488,287.79635400155604,240.20169344377678,98.37665408002071,338.18151760659197
489,287.77965632599626,240.12934085674962,98.73071829181833,338.18153213405765
490,287.67706409706875,239.88651596990192,98.35400428470983,338.1815072263585
491,287.8368080293064,240.16167474043178,98.40473037856384,338.1815110618465
492,287.9868507889482,240.5822559545251,98.5712613456239,338.18152139112857
493,287.9274672668491,240.34692143891172,97.69184647333473,338.181468926674
494,287.89845873162795,240.46035737172133,98.89049137096218,338.18153457051045
495,287.79528033779616,239.95005785743797,98.48943290606496,338.18151651495975
496,287.97957510620415,240.30318301241277,98.36852121836556,338.18151164542735
497,287.9829135451497,240.5789169012306,98.5193816538058,338.18152101138617
498,287.9385316770066,240.4273595183405,97.92213393190366,338.18148279355177
499,287.9148626693712,240.36945720036954,98.04786005013686,338.181485648298
500,288.0126398952923,240.6300307283892,98.00695388845777,338.1814780574335
501,288.0002337632116,240.51408035716705,97.94226687910032,338.18147100638976
502,288.044890663704,240.38877227839518,98.17770782236714,338.18147969535624
503,288.08825129094504,240.903895896413,98.33869394534891,338.1814901212183
504,287.9831701439471,240.52294829671078,98.21874620314321,338.18147892324185
505,288.06421861290977,240.37458249835296,97.97716230182607,338.1814568093401
506,288.03090184197794,240.72061400823586,98.47704414733329,338.18148152308316
507,287.97010982664546,240.30214184951885,98.16090828454703,338.18145524368214
508,288.0381245181634,240.7001331249312,98.13269360422557,338.1814554573805
509,288.0302764058543,240.6611557421576,98.00199461533896,338.18144736757773
510,288.0019171395397,240.65024653879956,98.2586537125905,338.1814627625791
511,287.99796946222887,240.63465471703114,98.41363903514168,338.1814688101863
512,288.0175664674619,240.5413218860417,98.18200131353461,338.18145617122525
513,288.0301965932146,240.533879785689,98.3170650172036,338.18145380071013
514,287.9358268834825,240.48491765044992,98.50244930976335,338.1814639991815
515,288.0613447222354,240.63037465111847,97.78767230905528,338.1814256812417
516,288.029328508791,240.78125921099578,98.00399741435113,338.18143793090456
517,288.1186188421423,240.65190901307264,98.18606268654837,338.1814477164791
518,288.1129755826549,240.79181905817327,98.47859248093299,338.18146863265923
519,288.0728409315443,240.40159881154696,97.99596405328559,338.1814390142869
520,288.2295379399339,240.8466484619366,98.36195406756586,338.1814573483843
521,288.0861688069662,240.8039531872223,98.00782277258816,338.18142986411345
522,288.2256162155597,240.776192015653,97.75110933399304,338.181411122501
523,288.21579362044275,240.97137012042128,98.57752978716633,338.1814529326826
524,288.1255762895444,240.6004741529756,98.42177149298219,338.18144565106803
525,288.0555088222026,240.61822461050062,97.99582937649022,338.1814203596746
526,288.0773547928494,240.59314025804454,98.00455835772517,338.18142475697243
527,288.22212906614897,240.9658309094551,97.8943605713742,338.1814278516284
528,288.08851500776245,240.74183940395508,98.69876856404585,338.18146792588584
529,288.1162946857585,240.69286756698853,97.85514785945365,338.1814145127706
530,288.0826614475414,240.66774525166147,98.2136249434011,338.18142700028824
531,288.0760131838991,240.560826832502,97.92920690600232,338.1814133052058
532,288.0823255279533,240.6983634349801,98.29505500645797,338.181443121354
533,288.00470691435424,240.6149117558442,98.32539747512544,338.181438155149
534,287.9994018015032,240.44719867139574,98.66711548983744,338.1814614724163
535,287.9038333463471,240.28736544615617,98.09353885649573,338.1814361216195
536,288.17243072772635,240.86023933912375,98.14857616398383,338.18143892552524
537,287.95380443073753,240.53807120530834,98.93109404657366,338.1814842926777
538,287.8728819296901,240.14717743160784,98.10000017311074,338.18143439618603
539,287.96270523295806,240.34472198474865,98.67024658308542,338.1814590638665
540,287.9396453129026,240.63330589577444,98.87626860886103,338.18146593760423
541,287.78003490675627,240.0400625571386,98.32486226036612,338.18143835184026
542,287.873015870245,240.41192332834302,98.52111477126522,338.1814572596532
543,287.75607423642714,240.1948801148436,98.79286926509548,338.1814817123433
544,287.79091376093646,240.10830715419124,98.56864039903114,338.18146928944475
545,287.84524575197497,240.33848636620849,98.6146691804184,338.18147878766484
546,287.67742740809473,239.95888812186857,99.16833394303853,338.18151274371183
547,287.882293862104,240.34897013684255,98.14688456960131,338.18145653367714
548,287.8773998884353,240.37700395575848,98.51453740228474,338.1814816785282
549,287.82028538711813,240.26340575265775,98.58327417363336,338.18149130458295
550,288.0601122274425,240.63197013089038,97.99688315046625,338.18145835836026
551,287.997406351179,240.73836063601365,98.54250295855275,338.1814874857386
552,288.0614103326699,240.68452689588275,98.17650439279647,338.18146660549286
553,287.9391076313675,240.40994508462936,99.02130056129813,338.18150475666494
554,287.8985386490109,240.25504676741915,97.93131943368293,338.1814337139781
555,287.9323580195822,240.470659311167,98.21734855382805,338.1814435176104
556,287.67568787437784,239.91383490517424,98.86551424933229,338.18147283537354
557,287.91032198662236,240.32676708923285,97.93280886068608,338.18142706761165
558,287.7092016132789,240.10169110770013,99.36282319955727,338.1815302101223
559,287.82114042187385,239.93137915856917,98.32010335547697,338.1814754364674
560,287.84480073374954,240.3097287468256,98.47515272025431,338.1814910558615
561,287.8367380886885,240.18963627077414,98.24635753760894,338.1814779135654
562,287.7910897371237,240.22866189178572,98.67078885826236,338.1815070258886
563,287.8186210311912,240.37699413328286,98.77985144781333,338.1815251643193
564,287.6987516569734,240.0113681134135,98.93762319137629,338.18153279895495
565,287.7548087614619,240.15410313990222,98.60375449991157,338.1815138500868
566,287.7169241569436,239.95585953401698,98.87830418327623,338.1815292037432
567,287.69216713169095,240.19028727490422,98.49595792890256,338.181508257849
568,287.74427212496477,240.09795150007076,98.94394670865076,338.1815338526317
569,287.63341252490727,239.93825320999588,99.0697057456352,338.1815354935382
570,287.6825785220206,240.22392033335805,98.62809333429374,338.1815063429861
571,287.5244975468545,239.82854280576376,99.28128742436404,338.1815390469158
572,287.6512803461068,239.95111811781203,98.67469897331665,338.18150714992333
573,287.60536351899935,240.10182176455905,99.03759279091109,338.18152994855603
574,287.5637053373245,239.90690214956078,98.91256137945788,338.18152547977087
575,287.5951983150463,239.85467993891362,99.1104638410851,338.1815340560318
576,287.55892900679095,239.7014418929003,98.9836063028036,338.181528815503
577,287.77376623680306,240.121072139167,98.17465194265272,338.1814794615447
578,287.64682232619833,240.1172365116109,99.33575650619048,338.1815458648437
579,287.70868560853444,240.02162100936934,98.23310759331821,338.1814827149498
580,287.8275240774977,240.2571104439185,98.31504422650762,338.1814845142741
581,287.7120515862756,240.13739825930602,98.68705560365798,338.18149772132585
582,287.9251203609189,240.23538067321905,98.2789933236567,338.18147614598206
583,287.8266318970429,240.13856486141472,98.75853572193743,338.18150303092307
584,287.8475664280025,240.11378427105262,98.0683145272093,338.1814611606393
585,287.98234398648907,240.30502383991697,98.20424454572321,338.1814667283342
586,287.823318044068,240.42416025836022,98.46602062591883,338.18148514092996
587,287.9744761125294,240.39656189272569,97.93944181071362,338.1814531628892
588,287.9863483753524,240.7756524699483,98.5258994882696,338.18148587944364
589,287.88974008047,240.42957104610466,98.01112713008325,338.1814544833798
590,287.82495306569166,240.20760279971216,98.23937902687301,338.1814643688427
591,287.9311727402557,240.48529411089407,98.47087461501413,338.1814722399911
592,287.9207259264793,240.0970523541523,97.92238604328058,338.1814368309241
593,287.9148534538551,240.39671409507272,98.92621824609499,338.1814957726171
594,287.8737330951473,240.17326731688965,97.85071591891337,338.18143542983296
595,288.04065726995225,240.7249774329974,98.35676590971501,338.18145924708904
596,287.934664895251,240.3584512955064,98.16404578397847,338.1814444606074
597,287.8396201481907,240.31172936219278,99.20962881907224,338.1815009613517
598,287.7402521826106,240.00195439352225,98.33035903846599,338.18145538482867
599,287.9195775960388,240.35793287789906,98.00182668616513,338.1814501960037
