,tas,rlut,rsut,rsdt
0,1.9582448134802917,0.5226061046498671,-1.6672334578976944,0.08231592738212612
1,2.1020359621439866,0.6713905740961366,-1.637155159626289,0.005592296339443692
2,2.0880907759419642,0.850784904026824,-1.8187084563954699,-0.014745003462621753
3,1.9390031624477047,0.5066368776871002,-1.5428197030493038,-0.02737408825817056
4,1.94674979849475,0.3200120723836335,-1.7192325555828916,-0.026858151055648705
5,2.0481491464195187,0.4871872107016202,-1.7854448556790743,-0.018238601522398312
6,2.1231836631268948,0.4919265244380995,-1.8087143084674864,0.04387045298767589
7,2.1007710419077057,0.7522232277133867,-1.8376155414188275,0.12076849782215504
8,2.294542647736364,0.768435172845443,-1.8563898900305844,0.17452930352527574
9,2.1909373037009914,0.6297399491390365,-1.5123989679840406,0.18658612293813803
10,2.1690892200508642,0.44509268500743815,-1.983794048080611,0.14713539627376804
11,2.4068746917622548,0.5780644902534675,-2.0400659129509933,0.10386052401537427
12,2.5584629663926535,1.0432544627120421,-2.1038783222587227,0.05814448144212747
13,2.3287598255004127,0.7694774214305369,-1.9336706026836765,0.027076172641443463
14,2.455373713275037,0.749434031138918,-2.364005817178324,0.003746066085966504
15,2.586240294448146,0.8308857421158393,-2.1384362716406287,-0.0159995916961293
16,2.7361038363053467,1.1342646406774293,-2.5190026577083273,-0.034748448395873766
17,2.7161051861972965,0.9638331941508795,-2.2947432792291096,-0.032423192386090705
18,2.5698942868216363,0.7187525342519336,-2.295704204172978,0.002020052283910445
19,2.6063706120842767,0.6728649563355589,-2.4682033389916285,0.0785023757689487
20,2.650675945751459,0.7082848305574316,-2.3083492146931377,0.08701292105286029
21,2.8191102986555165,1.0320613006867916,-3.1372366241560883,0.13191416697043223
22,2.958053396892069,1.1727205724322118,-2.6067730912148903,0.08882230078779685
23,2.9520426948806175,1.2133313731389421,-2.772817771350205,0.08734865587842933
24,2.976563519939191,1.24818177571035,-2.784295082763819,0.048533991631359186
25,3.1043194112033916,1.2268350326203858,-3.118516183541786,0.0033971186330745695
26,3.1582307765501128,1.2446629399102562,-2.9784141402100914,-0.03626882746459614
27,3.214416793410919,1.3998872713539185,-2.8704381445063802,-0.049354514432991436
28,3.184552231368855,1.106872270775824,-2.9977939028658085,-0.04545683914801657
29,3.3400001250989817,1.4113809668389194,-3.2320760102602577,-0.02504498463639493
30,3.397752519759649,1.4713196547407676,-3.2683873987774916,0.04084971675985116
31,3.345689396155535,1.4168438673136166,-3.1577689454231574,0.09119104367533737
32,3.468334794922953,1.4497067762658276,-3.554833589084353,0.14640062700584622
33,3.563502122879754,1.6599907801552547,-3.15143467503205,0.1528920232065616
34,3.507726087103208,1.4527283755151927,-3.1203631373862493,0.10876194649728177
35,3.5272169838494847,1.5134255826555716,-3.235069855963161,0.0492585474205498
36,3.6463489473811705,1.3394422751636625,-3.4025755817487777,0.017187023820952163
37,3.831629564355751,1.6468812249617315,-3.432643581544454,-0.015966737710243706
38,3.7877784564278727,1.6390665369602004,-3.579413686276169,-0.04107220733936856
39,3.7839124839526335,1.7772559029488093,-3.621803125929503,-0.03498341491780366
40,3.760945272167305,1.7097700610337654,-3.4498935145849856,0.006014195819773249
41,3.802198033628997,1.700086739617774,-3.703325177024581,0.053849048402867083
42,3.995987907373717,2.089185923461514,-3.644416643637328,0.05763660685408922
43,3.8396027019275607,1.5327725168981488,-3.654046866303986,0.06487182834359828
44,4.006853053360146,1.788021546840156,-3.9400440068484244,0.07625128439468654
45,4.258996304205027,2.1746142911115953,-4.043131358450793,0.03939629551956614
46,4.152391160897878,1.8624847732999115,-4.0609418530224275,-0.0037628265508260483
47,4.230518424779518,2.0467682579871678,-4.35183335238797,-0.029835941326894044
48,4.243869508626915,2.0656948444422483,-3.930880994468623,-0.040924479680541026
49,4.367736920270147,2.115579013196907,-4.256370889105327,-0.044145071943887615
50,4.340657235115714,1.9436843309308927,-4.166454919144428,-0.03570625990903409
51,4.507108776312975,2.2185794155728615,-4.429564100736187,0.014776000061090144
52,4.575856641338987,2.295420313215061,-4.300528564546823,0.06654026144502723
53,4.541919263811224,2.171764748555887,-4.496903236210642,0.0957651275761009
54,4.59270776928696,2.0391044271759142,-4.433112863065162,0.08951232712018964
55,4.686523506387118,2.219046043974629,-4.6581384080964625,0.05732351609287889
56,4.816550509127239,1.9675813762858638,-4.248927666380936,0.014025626847399053
57,4.851142555923673,2.255313904434331,-4.560016669895788,-0.0011619417290944511
58,4.835609332433762,2.516688692161182,-4.978437401747172,-0.0215741325680483
59,4.924463237986743,2.1979508991356624,-4.830400629760504,-0.0448627477275636
60,5.143024139377928,2.3419492978947005,-4.836688622137345,-0.05399984371149458
61,5.105535334983131,2.270984247587336,-4.88358489404655,-0.06318653138265518
62,5.058854991291071,2.1530745764146673,-5.1139452179980225,-0.05413987861044234
63,5.252793832777968,2.5002770902175655,-5.285863991018985,-0.022083497846324462
64,5.406266135452938,2.647342522203644,-5.087204346106205,0.018741257509589104
65,5.2634248359652815,2.3844453077041123,-4.850666917809889,0.04464560398929507
66,5.2987643649707366,2.5413257758002317,-5.44324568562142,0.04290861051339334
67,5.609681071050602,2.835990024704273,-5.483877306538673,0.047117298442401534
68,5.573645444663157,2.6891237323780217,-5.459913868215409,0.02480050551878321
69,5.664612455430472,2.559161878431638,-5.8351669684495135,0.006739390369489229
70,5.7537743100622265,2.953728401401122,-5.447465721176471,-0.031175441757682165
71,5.702105990479424,2.7961316261691707,-5.729225324587873,-0.055675199412007714
72,5.964444106425844,2.9411408528906406,-6.178786095913651,-0.059816256935960155
73,6.256986475634449,3.3118654335521,-5.835053618383341,-0.056667603911705555
74,5.943030655742177,3.144140136281436,-5.71150964128978,-0.028880874890035102
75,5.891679478430774,2.7673508636951283,-6.164139413827911,0.026266511738299414
76,6.107279956523826,3.182438137134227,-6.242478508775562,0.060189758009698835
77,6.336109368160123,3.445900168671159,-6.014540939478906,0.1144846450799264
78,6.22966155510079,3.419354890586618,-6.1322125878525355,0.10168521701638156
79,6.25845750347213,2.967684295343787,-6.034265700369332,0.06149897603881982
80,6.275288011986959,3.322284357997688,-6.328779533504559,0.017986102137115267
81,6.437973888655961,3.3685419153329974,-6.337867592259329,-0.015737849158085737
82,6.470528997675842,3.1318921013911734,-6.124882570741377,-0.03094526759105065
83,6.547203075915718,3.2885061198602727,-6.477989823064675,-0.04420356325783814
84,6.5412146660953,3.274951833808899,-6.755248268640145,-0.028977702972667885
85,6.783990391537657,3.6582260809694844,-6.493687356939446,0.004072106271678422
