,tas,rlut,rsut,rsdt
0,286.54926576258447,239.10586063240544,96.8402780251502,340.25646476219816
1,286.5239538869813,239.24927281021405,96.67912729711013,340.24092694329426
2,286.54647457464847,239.30203898277566,96.64405764229589,340.2389994809641
3,286.5319164569176,239.2121568322987,96.8274162120136,340.2332377475876
4,286.4975911049816,239.18439847902926,96.67050580481161,340.19248180498755
5,286.4705502318929,238.98581768430313,96.8382142545999,340.17580271571086
6,286.54720574224706,239.3660436279249,96.94273214677584,340.1710934172147
7,286.5398819601282,239.36626403122307,96.70932083782992,340.18316300630653
8,286.5416655350561,239.21003263543662,96.74477514383209,340.2158888031256
9,286.45328527445656,239.23923137781048,96.90209370277232,340.244028666521
10,286.40746356715704,239.17571425140417,96.75963174787914,340.2649280587828
11,286.3757268962913,238.89282395018094,97.17936402616424,340.26016657610415
12,286.4606745707849,239.04151127962106,97.41121616376103,340.2367918412778
13,286.3728101467222,238.6938653749486,97.03465761716247,340.2224350392671
14,286.4188815706423,238.74877009525503,96.97874686274746,340.20807943863275
15,286.415598114841,238.87075726255725,96.65168712297024,340.19768686267645
16,286.4389525783674,238.89447596069144,96.84895732790237,340.19189371007405
17,286.5169448512483,239.15160998761823,96.85525827939301,340.1834456531165
18,286.4333349041354,239.13912021871275,97.03074023760648,340.2023829626379
19,286.45827486355364,238.94082652611542,96.7235437103458,340.2369913202595
20,286.52504734268547,239.19319924800755,96.56024487027359,340.2398752107858
21,286.58780966174214,239.3666080601813,96.88164926268706,340.26097902102754
22,286.5947034419963,239.32921353544498,96.51420416804365,340.24907722681013
23,286.5327746191335,239.3102005755642,96.7436711976962,340.2310642791859
24,286.52383758426765,239.03801721061964,96.75154820913185,340.2149913589297
25,286.6146938255367,239.34837283653147,96.73463596337511,340.1838211066412
26,286.53748465877715,239.2894680447333,96.98491215229247,340.1701590843536
27,286.45860388758996,239.12376044433907,96.94289546408002,340.16107322017626
28,286.39194419668434,238.73934893063077,96.66979688307579,340.14984595229424
29,286.45425635044063,238.74515207831564,96.94835230612084,340.15200069375305
30,286.46976282809345,239.04794856662008,96.92451899130042,340.1796212254727
31,286.5108212573279,239.12666292866973,96.79470417772995,340.2178826426826
32,286.62788452288214,239.09661206278997,96.7002148893057,340.20837319592243
33,286.51146883837936,239.05841425867402,97.72188916837128,340.2044098950915
34,286.1715412581776,238.11181611116135,99.11071016877457,340.249383670177
35,286.2713766892291,238.40090256745998,97.42934013531368,340.21972122498556
36,286.420719672424,238.68647034545518,96.86769465358088,340.18947659647444
37,286.4558896704515,238.86075989939468,97.04929533169793,340.16906557801906
38,286.50172684228386,238.92617850614974,96.82287416782982,340.16020096342754
39,286.4671495049393,238.82432416902202,96.70359647983128,340.1581306397541
40,286.54947523343975,238.80935239440203,96.87148641909702,340.1648988355966
41,286.4722814881758,238.85095330094194,97.34549964910646,340.21428463997637
42,286.3910869077344,238.8098896091468,97.10451189804144,340.2552349088899
43,286.4946831887518,239.04061417528956,96.7615384348611,340.28891438084435
44,286.48894446180407,238.97852269663466,96.91392269576487,340.3256383261014
45,286.5121658987315,239.02613136851733,96.77575575880907,340.29051862846717
46,286.5256206505889,238.9941984822464,96.62134276994793,340.2381025263184
47,286.6850470893598,239.28139676947202,96.3438908062687,340.20866083475266
48,286.601496242807,239.06596075253128,97.01151747633445,340.19179568817776
49,286.6010046654707,239.04257737992535,96.91605546676362,340.17477089790333
50,286.55689721188327,239.0947171207372,96.7559412777689,340.163988804103
51,286.5900643144879,239.22375087291084,96.66214148949997,340.14624025114375
52,286.6357344932881,239.01875593988146,97.07639922439478,340.1507387614605
53,286.36274484822474,238.73688068481798,97.8694777806249,340.1863202062024
54,286.4471721382146,238.6263646540516,97.41443308402192,340.25109716329484
55,286.4724112950285,238.84148239144884,97.05282032921328,340.2226191995394
56,286.5080009042393,239.03908370528075,97.03044103650474,340.27081798558083
57,286.51579374093353,238.660855080406,96.80161397801135,340.2437325365193
58,286.62103091828214,238.8605968246474,97.01124605381223,340.2587593691239
59,286.55054446530085,238.80515801340664,97.11668021967124,340.228337837038
60,286.62573841540933,239.00602960025148,96.42392218241365,340.20291465000565
61,286.610571184183,238.9418051213087,97.05533092958454,340.16780965786694
62,286.508881776196,238.68532767124694,97.92936837802303,340.1544119119027
63,286.446391670847,238.52374564749414,97.63549926866663,340.1573201806929
64,286.4047024102626,238.51772224054665,96.96138386822724,340.18428216352487
65,286.55779870272744,238.61107254493473,96.86874544240813,340.26172679757224
66,286.5424732294222,239.00059890227683,96.94119957230824,340.3246063034711
67,286.5524507934981,238.9013398818571,96.6827550731794,340.3661727138449
68,286.57473737963346,238.9118008705964,96.95187364300939,340.37333880691034
69,286.592328283454,238.8648343346923,96.72387114487726,340.30744920086823
70,286.58312210525577,238.75468635074188,97.19603259647955,340.25018985288716
71,286.6458235021207,238.8916316934376,96.66597216565225,340.2118806844334
72,286.76071712235483,239.07588000924156,96.79953695077734,340.1773360030698
73,286.75792098953383,239.01050043021885,97.19174597758116,340.1685982535557
74,286.70697961453885,239.04225661328016,96.95944584424483,340.18421355692254
75,286.6902323504877,238.98567401242312,96.76051785262759,340.22639424674884
76,286.6539988741301,238.8217772003127,96.828329699785,340.2791799634804
77,286.72613929402246,238.8052891180815,96.91536601630692,340.3263479108844
78,286.71842355449365,239.00584532175822,96.88884608835889,340.2983000453863
79,286.77336813261746,238.9292774376702,96.82577357612668,340.28298302465276
80,286.8517831150523,239.2772278321115,96.84962570770453,340.2799069168162
81,286.75846067582995,239.14050243334304,96.6579103617937,340.23834185157534
82,286.71985797256247,238.73808475373735,96.83636405432826,340.2061505790761
83,286.6932794058808,238.96383222124004,96.87847321889721,340.19214263712587
84,286.7645102825023,239.04593231204478,96.62595327077509,340.20770086088345
85,286.74507634557034,239.05960096634587,97.04999243380729,340.2596632590144
86,286.74682602963003,239.072259582256,96.60272044255352,340.3711610286829
87,286.8054266546014,239.19574061803414,96.57292810723298,340.37869686434107
88,286.70131423715304,238.91100960430632,96.69642833109513,340.36009128573477
89,286.73543971739895,239.03881104616391,97.04935712249075,340.3514457539909
90,286.76124670279046,239.10562762744925,96.59563054597493,340.31659174948385
91,286.88435263992875,239.14051219418334,96.74530888186497,340.2841136460842
92,286.8567113008635,239.0494788875279,96.65810088962708,340.24759168064213
93,286.86388123758763,239.087619462778,96.65348320711216,340.2113220825781
94,286.83508015626285,238.95976653984383,97.0023224077297,340.2221275719033
95,286.7774919510396,238.96980047507375,96.86230232022359,340.2897157234319
96,286.7215347809134,238.8744090219941,97.19432009274595,340.32479748697597
97,286.85822835381884,239.19894664892638,96.59094148622523,340.4131843863841
98,286.8739624746036,239.1181054051726,96.9622349527851,340.44403524806586
99,286.89423287070167,239.08673355167022,96.92676918584432,340.41178334374337
100,286.8726615243442,239.23712564720537,97.05010176278263,340.34780412471395
101,286.8142431863523,239.130056984864,96.75085452419974,340.26261000670866
102,286.8259970111005,238.87883349912522,96.80426368149683,340.2573355050015
103,286.79724842964373,238.9090317691239,96.91288659576873,340.2320427789719
104,286.851650305084,239.05644578423372,96.78439111636287,340.23237760691103
105,286.8937060347748,239.1106296619703,96.79937978420526,340.28502661229953
106,286.8636197238354,239.0390789525202,96.90542400724513,340.4048279283694
107,286.86757197144385,238.94244042283722,96.95654596045068,340.5128461906704
108,286.8256204275937,238.80214258383853,96.86939939011104,340.5258240482002
109,286.9386858495456,239.05660264890275,96.68150131261918,340.4662180138116
110,286.9591462528521,239.1483807810737,96.90987646651381,340.42247043187103
111,286.9704172640423,239.1349439717208,96.92126111046578,340.32878240554516
112,286.8978309661173,238.8489698313048,97.28583382014659,340.2631633833583
113,286.6793268618089,238.42756462738802,98.89925000410356,340.2408621797437
114,286.67874580618474,238.30094850183798,97.83587148266326,340.23053938410385
115,286.7368541999288,238.42255838084805,97.44330755451215,340.23615056942145
116,286.7297791104373,238.43620844660018,97.31122042960493,340.2853054736833
117,286.87024333560186,238.6692496009945,97.35124984043945,340.3493175373339
118,286.85331910881604,238.7835997784408,97.31168570026811,340.3813783260916
119,286.818908750827,238.51191814593778,97.55348469530436,340.3858662894163
120,286.8131661607911,238.56373175950816,96.9477845501268,340.38918696607595
121,286.8717999045495,238.70204154366195,97.14646490013222,340.33608903325813
122,286.686416457735,238.30204278855783,98.2396329959552,340.3307700526179
123,286.67634616462107,238.27539268670014,97.17425714610425,340.2744662989491
124,286.727544712965,238.18590293099965,97.41325340978841,340.2472850730315
125,286.86752633851796,238.36563368730967,97.53978150006664,340.2477469606399
126,286.83699076240435,238.44719661053236,97.38977498755094,340.23900329294037
127,286.82633484157975,238.5205656932718,97.27291079860463,340.2976851932729
128,286.8281581130475,238.32811370985496,97.08289475491296,340.3879595103346
129,286.9636791051041,238.4827321045627,97.49354464499724,340.46150165696645
130,286.93509924486744,238.53052336178962,97.32159004988073,340.44874293185194
131,286.91480829834546,238.54040631202375,97.71601874603998,340.4542553983855
132,286.9228821623573,238.33931712710648,97.8567739273151,340.3688366252587
133,286.53685263648,237.34286417062458,100.4724735716743,340.36339807848304
134,286.8128409410149,237.66700482995304,98.09184051872971,340.265820024757
135,286.92770134379197,238.07240442979153,97.29898448138607,340.23220047828534
136,286.9559718885756,238.1202579739166,97.47550553173893,340.2359133322106
137,286.9282058472777,238.14799304722092,97.21067477262807,340.2576001613462
138,287.0086890528525,238.1337141619722,97.09361606474955,340.34618958695904
139,287.0959306318553,238.41192533745172,97.16179329671093,340.4654584207876
140,287.260602875997,238.26445670829503,97.05207512664542,340.4428792097804
141,287.18863416367725,238.497181968558,98.7250247871837,340.44240963970987
142,286.7926999196839,237.26181072929216,100.76916461825863,340.39803662356445
143,286.71941778181537,237.27133837880433,99.301063505995,340.3032878048162
144,286.94781134807187,237.56670989137868,97.4256838538954,340.2475314985917
145,287.0592475266405,238.05981395294293,97.21609465859241,340.2356684832104
146,287.1521396819061,238.3511582728197,97.05537356310818,340.21175765947686
147,287.24303735154706,238.20056373323544,97.08096323158397,340.2442890353586
148,287.2266382562131,238.3378102577369,97.19566148331783,340.3358122771799
149,287.2995218845869,238.42183463166188,96.7526394904034,340.40320366798295
150,287.34981131135964,238.7231847752298,97.38139655942042,340.45159643954304
151,287.33754427969296,238.648956962179,97.13704615961642,340.43372260147993
152,287.19412326959565,238.26526218313617,97.3395105509278,340.441768824127
153,287.3409039505312,238.5777368565523,97.00464922882259,340.3228885000638
154,287.43982548612513,238.57027700985236,97.24468296357928,340.26920414229545
155,287.3828991550287,238.61884039962942,96.93569511700876,340.21907014891656
156,287.34613768012645,238.39277689827279,97.24139341830242,340.20573180211136
157,287.3304908528542,238.47507678890645,97.19163532415826,340.1835633984358
158,287.3544591415084,238.26588312240827,97.35193490456726,340.1784667485557
159,287.43176695037465,238.41600606082082,97.08924319026379,340.1786187988389
160,287.50725086785906,238.6304802269744,97.18928659569498,340.2217713922927
161,287.4432375457391,238.60210819935503,97.10057318059614,340.2884476822594
162,287.4434994818701,238.37053229122537,97.00681084749368,340.3179451045438
163,287.51383305479357,238.7226906997479,97.36510624981783,340.3325031139285
164,287.4409190029128,238.42551115492884,97.27345421270411,340.3515625264509
