Year	tas_diff
0	0.05470320798722303
1	0.1366649271267194
2	0.18795158726424516
3	0.042952784334999106
4	-0.002615536354421598
5	0.039631420787825444
6	0.09114935696054113
7	-0.06412561703548082
8	0.04088287775894543
9	-0.04549293636870397
10	0.01041986359042308
11	0.0346413278572508
12	-0.001774079321888361
13	-0.16375300403410825
14	-0.09229268414710799
15	-0.05016657953554389
16	0.0036584938917756035
17	-0.008758169455777148
18	0.026053948015173564
19	0.011281740794494288
20	0.07178094883788096
21	0.16112132810335084
22	-0.017028097289477212
23	0.12090011096795723
24	-0.017452825214505738
25	-0.0061379128484510825
26	0.014839586570642743
27	0.14645681051367168
28	0.09814026397042275
29	0.20902916490253381
30	0.12487433180012214
31	0.08892875045635024
32	-0.019907734282308243
33	0.010538578700132722
34	-0.005340938699058273
35	-0.08141835406762325
36	-0.09788583107934148
37	-0.21063383368044258
38	-0.010514979696154817
39	-0.06502336833797202
40	-0.049549354546882196
41	0.02572539613409639
42	0.07628007436538384
43	-0.12412953844981137
44	-0.00880865598136063
45	-0.03824876765804949
46	-0.05738976097304277
47	-0.2112868590123564
48	-0.08922654540199948
49	-0.06862003648589571
50	-0.03229765745747566
51	0.06287418985170025
52	0.07821327397578196
53	0.09981998634349509
54	0.008844972348431818
55	-0.3002977599975768
56	-0.2966696762217896
57	-0.19847165324098714
58	-0.06196915007101941
59	-0.002527617005791044
60	-0.08957202731175407
61	-0.10119005143931911
62	0.08336844917328043
63	-0.008751538112647603
64	-0.03542412725233772
65	0.15090959522550673
66	0.09328868282136722
67	0.029989417561179094
68	0.0328369461627184
69	0.007853835375276896
70	-0.05795473271707319
71	-0.007527236492231193
72	0.010845475198727972
73	-0.08469181155519234
74	-0.15303267903202453
75	-0.18260653383918946
76	-0.16148863463654717
77	-0.21677763515062473
78	-0.046124350981900625
79	0.0026322333498597084
80	0.027835843917194486
81	0.08343744135778319
82	0.01851821521756955
83	-0.05418379640630966
84	-0.04797871702224038
85	-0.07624606134357281
86	0.022717815247642464
87	-0.05381662083699473
88	-0.19332092516618982
89	-0.2767720010888828
90	-0.216632868718102
91	-0.08785479856236217
92	-0.26881642073584
93	-0.12465219370576475
94	-0.1116135152256712
95	-0.17808854771041266
96	-0.24712132345688
97	-0.20413627472188484
98	-0.12017717313891019
99	-0.2554366826666512
100	-0.24725862350079197
101	-0.21397309624681438
102	-0.26295718721320144
103	-0.18169326434614605
104	-0.10895637667022484
105	-0.28841572442296076
106	-0.21064207070907248
107	-0.2239504378605658
108	-0.3094269158344316
109	-0.1888755996824373
110	-0.0802340419220754
111	-0.34242063222455876
112	-0.19462718982308427
113	-0.2751945060106667
114	-0.1358743846630764
115	-0.024827612017797852
116	-0.1412491196942814
117	-0.03241093663851105
118	-0.22009121331407877
119	-0.2924433241597907
120	-0.07777332691991057
121	-0.04584550900355508
122	-0.015169199250591958
123	0.03158014669416684
124	0.022150880611922552
125	-0.1335112000623217
126	0.03177380843888683
127	0.022160052361297033
128	-0.004514805068861205
129	-0.08169438934918538
130	-0.024159801244676093
131	-0.041807698748597244
132	-0.03735626904309597
133	-0.008442757344037322
134	-0.24435697823078684
135	-0.2833708448923451
136	-0.3134238504244431
137	-0.37594633973609015
138	-0.10097548384123545
139	-0.1644543986816509
140	-0.1092422260762066
141	-0.15250613876490549
142	-0.03772396331154776
143	-0.09103678154018957
144	-0.12312112929541819
145	-0.11619602636193882
146	0.0012651351484250783
147	-0.133216875755784
148	-0.1492703370482703
149	-0.16974703527021728
150	0.013554017564164633
151	0.08567874256933816
152	-0.20802098241017708
153	-0.2558750347564005
154	-0.27671112997036995
155	-0.04404209479745469
156	-0.0802952747789103
157	-0.29980612541014295
158	-0.3469214914902561
159	-0.2694572742600112
160	-0.29010361561007936
161	-0.35659734042030355
162	-0.1988220418576745
163	-0.19702632578672552
164	-0.16673003692229837
165	-0.24991038919514974
166	-0.2060151019992149
167	-0.1424905125998066
168	-0.3028899232962088
169	-0.289335684745065
170	-0.40530104753309004
171	-0.35937883835131523
172	-0.35219736483068154
173	-0.16709621176847422
174	-0.15329764752552055
175	-0.3021686495492397
176	-0.288718498276348
177	-0.519835022175072
178	-0.4396436318724444
179	-0.3546281887628351
180	-0.4305386324657179
181	-0.4333087141961456
182	-0.4033125499194199
183	-0.21953309124767229
184	-0.39975254083206435
185	-0.3918555676152069
186	-0.29639404562232485
187	-0.21309101732113334
188	-0.45621885277640173
189	-0.3083432844001628
190	-0.30207168226512815
191	-0.331662263962774
192	-0.17724848354664502
193	-0.1940029472147522
194	-0.19763456897348775
195	-0.11231736611840981
196	-0.007194456135527716
197	-0.1650850839680733
198	-0.2805249181577909
199	-0.24554182494426202
200	-0.2663444805559143
201	-0.07485315088755495
202	-0.05883615960833799
203	-0.06830439279245981
204	-0.23307261983129202
205	-0.24699139919297952
206	-0.028479711547208186
207	-0.29743150266830876
208	-0.2392749124300959
209	-0.1798361235190864
210	-0.20657187031896074
211	-0.279840529675889
212	-0.20108853389226633
213	-0.4090168537286356
214	-0.34557421994633053
215	-0.2675219570626175
216	-0.3745276798309316
217	-0.5178854580833612
218	-0.27019960166828305
219	-0.28193084333898577
220	-0.2886788997868135
221	-0.38222169638582226
222	-0.24995044500565333
223	-0.12476133316425342
224	-0.34986602475595907
225	-0.41953314783181384
226	-0.2342702046102172
227	-0.30096508256494214
228	-0.4770703716402558
229	-0.303253714830503
230	-0.3118429875322293
231	-0.3088758929571913
232	-0.31220028466646177
233	-0.394886975802768
234	-0.37284502344189585
235	-0.45301415432243
236	-0.4379164002811091
237	-0.4734559548997157
238	-0.5229458311981667
239	-0.36373474363751956
240	-0.2697153129960981
241	-0.4167878628509616
242	-0.4727728863053624
243	-0.2724327250500833
244	-0.3425519317984218
245	-0.3340172901765879
246	-0.11981927145498883
247	-0.3827488244575612
248	-0.4128534545037912
249	-0.26166463399093853
250	-0.12708649628188873
