,tas,rlut,rsut,rsdt
0,0.7878186040467199,-0.5740182511293028,-0.15788223218407893,0.06512197697617239
1,0.8949227837665603,-0.5876542885321783,-0.28909273863108353,0.024312318653187504
2,0.8712255563719964,-0.4652964727309552,-0.28734419481277484,-0.026509769872177458
3,0.9711445435109454,-0.2852055929267294,-0.49102970551911085,-0.03418992677910637
4,1.0165264874719924,-0.07600300808769589,-0.9003970961331049,-0.035438132344040696
5,0.9157209884224358,-0.6885136457942167,-0.8528812491249198,0.006413959479175446
6,1.2172148531647622,0.06964835953235138,-1.2066294209256228,0.04619548419987041
7,1.1499033519944533,0.2286652867609007,-1.0480044356990987,0.12404122701343567
8,1.2334555208344682,-0.3302004945019803,-0.7798260067090865,0.16797497931332828
9,1.443016189544494,0.7418423931927123,-1.2209238891828136,0.21731111835993033
10,1.279331772457624,0.19594464192672945,-1.3646628064699229,0.1425230515135354
11,1.3452123598158323,0.2213673958244442,-1.386045510498306,0.0938981785359374
12,1.4457500165927968,0.4119838684667627,-1.656335415750334,0.043375084037847955
13,1.571032529068077,0.8775783755828002,-2.0881423215656696,0.055629420462423695
14,1.498243640347937,0.5979445254057509,-1.6008145169767687,-0.009346976078973057
15,1.4404681867058002,0.10192059145248322,-1.5534501840761692,-0.027324848322280104
16,1.6136352709948483,0.6421074099788768,-2.158001876205745,-0.04470932359629387
17,1.5726578309588035,0.6117923756631569,-1.7727595216523326,-0.009139278826125974
18,1.6210589783519822,0.333066823503799,-2.0848364427945683,0.0017784520454142694
19,1.7732041431870016,0.9864675221613197,-2.1481288481430596,0.07673606946980271
20,1.6344213119453457,0.680417709255579,-2.2565606566647887,0.08535386316140148
21,1.8041896875039356,0.8745229409040292,-2.3759750191781706,0.1506597730339081
22,1.8515760018208312,0.9308419582745273,-2.4956433028947913,0.0853320919954399
23,1.9390107955604208,1.3500872202351957,-2.638104446556838,0.0848077730914838
24,1.8992047077007896,1.2957740232018296,-2.2379347254484685,0.03613389688086954
25,1.7438565619886504,0.3736675782609211,-2.1939094347182078,0.0228407777378834
26,1.9701559093211358,1.1193562555343988,-2.6115992445457863,-0.04865782949627828
27,1.8651693488272372,0.7548252668783562,-2.4661332693668214,-0.059618999569977404
28,1.96817960618705,0.8994973711043031,-2.756923052299314,-0.0542892876261476
29,2.0777166446267756,1.2126314115386094,-2.5129401317912397,0.001822604860251431
30,2.0240175197045005,1.0143874712036904,-2.934520427689108,0.04094627826214037
31,2.29028978037843,1.6946013546483414,-3.151189327302845,0.08874353133722934
32,2.2864154557195207,1.6278833994946922,-3.218037201774848,0.14217395023518975
33,2.249775809745188,1.3303486063414027,-3.263307434087764,0.17930753370762886
34,2.384645979394918,1.4543803645158562,-3.55503832191647,0.10387904807475934
35,2.5760226798282133,2.057716285220721,-3.7999569009758716,0.03611123117337911
36,2.4239309987941624,1.7124285045716192,-3.210465746598331,0.002991827457947238
37,2.512003027879416,1.444585764651805,-4.049287643126419,0.0039118963997566425
38,2.790430225051523,2.1851213451895433,-4.377612352774207,-0.04950183552824683
39,2.958042152650478,2.398080307475425,-4.417153619499629,-0.041057959854413184
40,2.912413815477862,2.2977876009874194,-4.2609596459746655,-0.0002450996454399501
41,2.877223051048702,2.0843057221139816,-4.183348061687013,0.08224497088195903
42,3.06593039841772,2.6751841960538627,-4.566768257954607,0.05202533620200711
43,2.966443610189799,2.4190834423670537,-4.162544765280529,0.0604493636250254
44,3.012596232581643,2.0620873092192085,-4.503495445612899,0.0666706181026484
45,3.1188846804545847,2.4427577157964038,-4.665576160340564,0.05569380153400516
46,3.2255462458090847,2.670114811058937,-5.046536871091519,-0.011157717514663545
47,3.289148805963009,2.7458248717981633,-5.02946445952665,-0.040552315951970286
48,3.317631397155367,2.7567455937483487,-5.133714669802416,-0.05080775296357842
49,3.4436351111881436,3.141488540821996,-5.323542910366811,-0.023060143596978833
50,3.3862661829140848,2.7124708076260333,-5.100681007480006,-0.042002617287494104
51,3.605971319776927,3.140462515644032,-5.410611284284315,0.013724350147299447
52,3.730712614052777,3.3102732409465716,-5.613370825218155,0.06348744471682721
53,3.711153787205319,3.41737962069206,-5.752484090410206,0.12351403599944888
54,3.767557183028714,3.5183947827349584,-5.571281420573669,0.0799602392722818
55,3.8499791384850255,3.668150777194626,-5.986236750741412,0.049492766636433316
56,3.9730782399863074,3.839081304285145,-6.13931700539473,0.00537822496426088
57,3.791820024253525,3.3221485959537347,-5.900934382362038,0.015654030424343546
58,3.7932387367573597,3.045412287339701,-5.683017574070021,-0.03172933527969235
59,4.19373263681814,3.7498205017148223,-6.309567468663317,-0.05504306465877562
60,4.17618098288267,4.064329408961754,-6.685479959696622,-0.06453762682906472
61,4.140365664971171,3.6558222122959876,-6.397727993914529,-0.04235611430948438
62,4.25645881827154,4.050151099541154,-6.817407125727826,-0.06142297209748904
63,4.306884826620603,4.010840295970809,-6.7925150729782615,-0.026145063775061317
64,4.334118304276387,3.7096676924842313,-6.787519632887822,0.010958215983578157
65,4.588443739406102,4.335321152025756,-7.129263235511672,0.07029371728145861
66,4.780078397081809,4.905173960539287,-7.385406877454855,0.04128359183619068
67,4.713080906422078,4.602475387829287,-7.163701722593757,0.03987185304106333
68,4.926970603455857,4.681486211007893,-7.885896504586967,0.011233675275946098
69,4.946037170911552,5.088898248386727,-7.924630206192731,0.029908675117894745
70,4.868728727838629,4.608021618632023,-7.796743983887737,-0.044197116460622965
71,5.016461742025456,4.791988321375214,-7.750840766460001,-0.06766968987221844
72,5.111033715750693,4.897409630046042,-7.971197762506037,-0.06962861073907334
73,5.206017744323049,5.223962936302428,-8.15517692527061,-0.03458968607208135
74,5.267458228310147,5.166018387071034,-8.155999983592267,-0.03358036905984818
75,5.372318785577988,5.518988039767862,-8.508123947563789,0.020306197021113803
76,5.301736348164923,5.504415589374361,-8.38195707049438,0.06043348066316412
77,5.452254953158388,5.858640220564723,-8.735528562447456,0.1440803025080868
78,5.562018892354899,5.926852713475569,-8.745608905105371,0.0909451254144642
79,5.420476707101898,5.5084769332095505,-8.667312619325358,0.04702370580417892
80,5.723556179423724,5.917189459423014,-9.13634640816123,0.01311933564386436
81,5.78291304532388,6.247140333720694,-9.216299334331495,0.004053569605048324
82,5.873086897084022,6.14462223362753,-9.3780521484816,-0.04119139888297241
83,5.932635082785509,6.25537282122653,-9.707265317412904,-0.0543126814350785
84,5.911990028553419,6.352973682750445,-9.61680212863321,-0.035675678667814736
85,6.166897031268832,6.696345618738434,-9.94648804667159,0.007414321063833995
