Year	ERF
1850	-0.19504901665137347
1851	-0.04336091774617132
1852	0.32232532624564386
1853	0.16298800519285073
1854	0.06226791425918761
1855	0.08628909608052017
1856	-0.03581155374085268
1857	0.12755376789711634
1858	-0.1790006216290541
1859	0.4426685235239608
1860	0.36542795790567517
1861	-0.23014848255352124
1862	-0.139499291704613
1863	0.306725232392893
1864	-0.32439491191412656
1865	0.24853689459643025
1866	0.3512880475497466
1867	0.6114355621196161
1868	-0.10282214525255912
1869	-0.15641711568220837
1870	0.4670003823775674
1871	0.33250304021891813
1872	0.42138612497610983
1873	0.27948079627452804
1874	0.24684512692160476
1875	-0.2945433102391368
1876	0.32805923025142214
1877	0.35722312150309277
1878	-0.1678965023467774
1879	0.19308389258412068
1880	-0.14518559653221658
1881	0.3469895252718176
1882	0.361058227995868
1883	-0.5064748816212641
1884	-1.335635837063038
1885	-0.19649329179856717
1886	0.12552499431944342
1887	-0.2368746041830454
1888	-0.005935695653221908
1889	0.5113849162038576
1890	-0.12605910158181252
1891	0.0007324343714468079
1892	-0.036121940314758384
1893	0.22304694193494723
1894	0.3708529327503481
1895	0.4940492967557331
1896	-0.03280246099002217
1897	0.713647393244045
1898	0.26609965097870475
1899	0.13817024547500273
1900	0.07407993291500428
1901	-0.5517953351144873
1902	-0.1072849034556817
1903	-0.3594692651284968
1904	-0.2034971657865591
1905	0.3589654736382158
1906	0.37773004750388744
1907	0.12703681689040847
1908	0.20148281998427842
1909	0.03260048011445194
1910	0.8241823399399594
1911	0.1336241553257748
1912	-0.7962917023561762
1913	-0.4145233653154093
1914	0.19105564632575217
1915	0.42803547789443
1916	0.23791966438742537
1917	0.11095180629370766
1918	-0.362834043940486
1919	-0.42848664478557674
1920	0.6647028633035691
1921	-0.23577672287278356
1922	-0.08532284559975953
1923	0.4814987075365664
1924	0.27264379740919503
1925	0.14750636142822668
1926	-0.04139607500296544
1927	0.5526502344818974
1928	-0.2336930925069968
1929	0.48801862774519456
1930	0.23067477774027376
1931	0.26541647204276264
1932	-0.06814311977753636
1933	0.028498282771202154
1934	0.5325285058588468
1935	-0.1491460760910241
1936	0.17264969338168332
1937	0.3182507884254007
1938	0.32857710828555303
1939	0.407754023687418
1940	0.20149138271388642
1941	-0.06541384492903052
1942	0.41785318038853686
1943	0.318064726644117
1944	0.08701008031972227
1945	0.19122614302458685
1946	-0.13882933964560118
1947	0.3130163150456781
1948	0.30482912063863987
1949	0.25591494595845665
1950	0.32025300593790834
1951	0.38539538432118187
1952	-0.19847530413690567
1953	0.34109907537499934
1954	0.6325892193173004
1955	-0.18244795761310142
1956	-0.0520323637921682
1957	0.27004665088159086
1958	0.269256415820022
1959	0.13460400688030982
1960	-0.17153549121620865
1961	0.8368115752421155
1962	0.03861897083188587
1963	-1.3291894022998132
1964	-0.7950150758579102
1965	-0.0328811129989198
1966	-0.09807109152543828
1967	-0.37647515256379993
1968	0.9559954217983186
1969	0.2603015708549244
1970	0.30754283887320766
1971	-0.2567021694489564
1972	0.22512054857139835
1973	0.1773787637370762
1974	-0.3522425367711427
1975	0.21627030697867464
1976	0.30606287905615864
1977	0.27622806203034145
1978	0.2511561530064552
1979	0.8182763916271358
1980	0.5073569124622757
1981	0.20051302851623198
1982	0.08396496260990588
1983	-0.20886406432527838
1984	0.06825795234228535
1985	0.0039414113610765425
1986	0.8618417555018953
1987	0.2546851518006556
1988	0.7926959459411038
1989	0.3783887637188441
1990	0.5129391798291184
1991	0.09973984855631482
1992	-0.37503042456599567
1993	-0.007605300802065854
1994	0.5200296120139902
1995	1.4581124140791366
1996	1.1108472822010549
1997	1.5038758993702528
1998	1.2471968339189436
1999	1.082060640367469
2000	1.3460499512348392
2001	1.2221436513060695
2002	0.9304106620815877
2003	1.1144815613044812
2004	1.2039058687340671
2005	1.1283515359307048
2006	0.9731348869557468
2007	1.497222916971301
2008	1.6889118442707856
2009	1.2098122650692382
2010	1.624670773402002
2011	1.3755564130694853
2012	1.7844979548732356
2013	1.7097172000478562
2014	1.8886587568371487
2015	1.2150622831974682
2016	1.4978550374848623
2017	1.789940640777945
2018	1.921390771963602
2019	2.1343450845807985
2020	2.229064141592175
2021	1.9689179397433627
2022	1.9058663726485703
2023	2.345039468582497
2024	2.354037536525504
2025	2.126270542808114
2026	2.111479604767893
2027	2.545974999047467
2028	2.240549773210324
2029	2.3665869895990026
2030	2.1217765022204738
2031	1.9696465127294824
2032	2.2766128757173676
2033	2.1164378837014173
2034	2.4585776803553325
2035	2.2892882572272284
2036	2.7236480013216875
2037	2.4823899436958348
2038	2.8495936743455434
2039	2.143107774328103
2040	2.4599586194570318
2041	2.369882828121497
2042	2.8860906170881826
2043	2.3970715034096757
2044	2.1649571470913385
2045	2.481646606973576
2046	2.3794965366695475
2047	2.7037249010738957
2048	2.7836266749666105
2049	3.0417756387517603
2050	2.2646592254433524
2051	2.272798456107636
2052	2.522858288094672
2053	2.6866280393676694
2054	2.255901455064648
2055	2.4275399805202875
2056	2.9993404012855773
2057	2.8684268621455553
2058	2.5848928636540434
2059	2.3784759482717117
2060	2.549083909000117
2061	2.745148480359137
2062	2.542903618942094
2063	2.6976388541326104
2064	2.2376732029315827
2065	2.486723616748849
2066	3.15859974837388
2067	2.3268448151548236
2068	3.0649440584390124
2069	2.443265932462695
2070	2.5027207018888165
2071	2.5522709928182135
2072	2.389246555843468
2073	2.752883401281845
2074	2.6179277058734085
2075	2.405635010945383
2076	2.266608588128183
2077	2.5057050301823542
2078	2.602610856073497
2079	2.440494762786618
2080	2.380556685418976
2081	2.6851783777939224
2082	2.225786049313333
2083	2.566570896862511
2084	2.7881662660236746
2085	2.7410243770586717
2086	2.297393398662522
2087	2.3961597471980043
2088	2.318456038388371
2089	2.240326350658087
2090	2.380441077776398
2091	2.572490970510395
2092	2.1702226386002605
2093	2.186890763032114
2094	2.4916795642432135
2095	2.67280205332808
2096	1.9145435823137311
2097	1.9203599255029389
2098	2.5598999826891875
2099	2.263101393109169
2100	2.37035876890495
