Year	tas_diff
1850	0.010889833738299631
1851	-0.13111068284571797
1852	-0.1962165410952453
1853	-0.12783681750633435
1854	-0.16369668585342861
1855	-0.22382881373563573
1856	-0.06309050122564608
1857	0.0067288968930064585
1858	-0.1374966980951568
1859	-0.06025639113041786
1860	-0.04704845901021042
1861	-0.0986656141707048
1862	-0.22689860564242206
1863	-0.017382566714832154
1864	0.026435801009281994
1865	0.025117981996667052
1866	-0.11961694379747558
1867	-0.2140263467038554
1868	-0.17031975769378832
1869	-0.19678064037722384
1870	-0.10191163221932828
1871	-0.1673092432988648
1872	-0.31767545101244554
1873	-0.30559823815724796
1874	-0.024920475010814527
1875	0.008397370457125714
1876	-0.13856757756434634
1877	-0.2549794608684809
1878	-0.045675680952853875
1879	-0.04297494327339561
1880	0.049093094603532686
1881	-0.042236474058712906
1882	0.022215200832200466
1883	-0.08259984303248191
1884	-0.0804267766300843
1885	-0.11049633700877157
1886	-0.10827847917379528
1887	-0.176934939760931
1888	-0.07123846280905612
1889	0.04845148823190629
1890	-0.004436413106904756
1891	-0.17135918407545186
1892	-0.16241306703483094
1893	-0.04822039803111309
1894	0.021013121386126044
1895	0.004626476620163605
1896	-0.09366912667093023
1897	0.007707992947458386
1898	0.12053556766203034
1899	0.25695783809050976
1900	0.2816676702425934
1901	0.010738555235642072
1902	0.08972770538908452
1903	0.025002744814572736
1904	-0.11691665065662771
1905	0.007013545470342178
1906	-0.0008312629569590252
1907	-0.1968677259534287
1908	-0.08243573256797893
1909	-0.08335623221489268
1910	0.016060312490888403
1911	0.047271219563186
1912	-0.06947451348024009
1913	-0.028589763728452622
1914	-0.06744480124033272
1915	-0.17632631163444107
1916	0.0825560556425947
1917	0.13951391936256005
1918	0.3010603925611284
1919	0.1942148572407971
1920	0.1420183026354993
1921	0.28854142633322527
1922	0.3324819739941885
1923	0.1692884721425316
1924	0.12078288306153939
1925	0.20127061192185947
1926	0.10957888629265786
1927	0.20575502265715712
1928	0.15406309482053138
1929	0.2544136793060482
1930	0.28419639530470836
1931	0.19835906774094353
1932	0.23455409471634409
1933	0.3377165689397597
1934	0.2683848468351281
1935	0.23796243814432896
1936	0.006798827409489783
1937	0.006032578974484365
1938	0.16574976357060273
1939	0.1493032899091445
1940	0.008922508395102502
1941	-0.011490915360691911
1942	0.20359840865498466
1943	0.11490101301258826
1944	0.14692448465178576
1945	0.1435593289213191
1946	0.2875803186539018
1947	0.29807661495667526
1948	0.18857131844857639
1949	-0.025003536622550393
1950	0.13934202122539835
1951	-0.12338926129048178
1952	-0.11288759668877499
1953	-0.11613829747439154
1954	0.16914897987277921
1955	0.1082211541383856
1956	0.17825616309607076
1957	0.042883949347138295
1958	0.228265855300485
1959	0.158862344414154
1960	-0.09694234887553599
1961	0.0839377319492148
1962	0.27313426679142
1963	0.09937606896673365
1964	0.14631284948331266
1965	0.10219393471169344
1966	0.18644404514373267
1967	0.11379446648556144
1968	0.19679287757391617
1969	0.04504945422627847
1970	-0.0641113944521916
1971	-0.08266186314686083
1972	-0.003682376571636961
1973	0.09594410195498655
1974	-0.00494571789560351
1975	0.039693516299349065
1976	-0.18559200421602315
1977	-0.0004596056706711038
1978	0.1440063433009511
1979	0.040440427408064944
1980	-0.06295102463504448
1981	0.32605432684388397
1982	0.15330866734695342
1983	0.03244669463011747
1984	0.04599006320691318
1985	0.2312218947097794
1986	0.12102579786193007
1987	-0.1436245763874125
1988	0.09899741318638117
1989	0.16169935507988115
1990	0.2517575874555632
1991	-0.03092930757005352
1992	-0.08627758343335043
1993	-0.07866498604710384
1994	0.10058714083018744
1995	0.1111804308935514
1996	0.12847318173806022
1997	0.020479712487774582
1998	0.04745765427114734
1999	0.31611862957372117
2000	0.15455477899502934
2001	0.1107369780596571
2002	0.19076395552383751
2003	0.26648437946416803
2004	0.08307225676783603
2005	0.12284230493069193
2006	0.07821711938827591
2007	0.04911808525681871
2008	0.07818290296418651
2009	0.30970544931998023
2010	0.19161863903133902
2011	0.028542404564701362
2012	0.09384207320255622
2013	0.22681833240041016
2014	0.11633518390312436
2015	0.012363870017826128
2016	-0.013529798886368516
2017	0.25533514380886346
2018	0.24310278234604432
2019	0.31648445714670603
2020	0.287592131254117
2021	0.2602485188501886
2022	0.16995165460845874
2023	0.15375183927183045
2024	0.19505873040598587
2025	0.15849969238765738
2026	0.011926937037623153
2027	0.0826336302573385
2028	0.08556547799164593
2029	-0.016457196503690597
2030	-0.19535429233933743
2031	0.04548152421607221
2032	0.004562996633972638
2033	0.20106183301628455
2034	0.1387350614327958
2035	0.07176874308185455
2036	0.024873236547674482
2037	0.06241321761482932
2038	0.059069773242562684
2039	0.034075916835707876
2040	0.13140993227457765
2041	0.0638799233986247
2042	0.2681154330651734
2043	0.1686984199495587
2044	0.20421988541499703
2045	0.2037827816647162
2046	-0.05603983066492413
2047	0.14146566580458786
2048	0.07534655856363459
2049	0.04433439269576356
2050	0.11306991720225668
2051	0.13620394294219285
2052	-0.05501706293220332
2053	0.20639986450780734
2054	0.134431776169869
2055	0.11900670733080965
2056	0.31309949465871423
2057	0.1593417211317183
2058	-0.014036631390067278
2059	0.3157965298319718
2060	0.26226615064233805
2061	0.17970403568759474
2062	0.16268086943949323
2063	0.3159312828526595
2064	0.23800323271946588
2065	0.12114466357883424
2066	0.12010724330041578
2067	0.29901550038410063
2068	0.31683988841236577
2069	0.385432515790435
2070	0.2714510766315352
2071	0.2489533805626447
2072	0.10958727458750328
2073	0.0002736826564566641
2074	0.28382111659030684
2075	0.2882603157439134
2076	0.1925575982058012
2077	0.18592302396401061
2078	-0.18624900138271672
2079	0.0892857620003853
2080	0.0753323648253783
2081	0.4109337608082102
2082	0.2623960488325494
2083	0.25756471336079967
2084	0.08301769529837966
2085	-0.09507306304113028
2086	0.3540829763108966
2087	0.25676977252392064
2088	-0.13245586268749898
2089	0.0640704356422721
2090	0.09617759571232387
2091	-0.09298228111386742
2092	-0.09284568622233857
2093	0.2233456756190697
2094	0.2915344220533398
2095	0.04582384085105984
2096	-0.004396660900241933
2097	0.0499424699220512
2098	-0.023314442897352627
2099	0.09742404788673475
2100	0.2222181183905403
