,tas,rlut,rsut,rsdt
0,1.88391686205631,0.47900495190040715,-1.8844012527498677,0.08231592738178506
1,1.8443470024056978,0.46574493115159044,-1.571124738583194,0.0055922963391026315
2,1.799491371520162,0.23358300051521041,-1.219621307019949,-0.014745003462962814
3,1.773496436969026,-0.08371127276245716,-1.4323090932791445,-0.02737408825851162
4,2.01308923604023,0.2635246244876157,-1.5785740357893872,-0.026858151055989765
5,1.9926614899652009,0.283801658725082,-1.850543382937147,-0.018238601522739373
6,2.295350159172301,0.8939739464887282,-2.2057323128498894,0.04387045298733483
7,2.23983176472251,0.8115791752338453,-1.4057031123831507,0.12076849782181398
8,2.2261091764146954,0.8691748204644227,-2.005128260136999,0.17452930352493468
9,2.251291763448137,0.815816405279719,-2.077177449505456,0.18658612293779697
10,2.1908619006981667,0.5649219656856133,-1.4500330971207376,0.14713539627342698
11,2.217497398689204,0.5955506167572935,-2.313559033186337,0.1038605240150332
12,2.2893781687289447,0.7088744264499098,-1.8003877299065465,0.05814448144178641
13,2.1841982717436963,0.35668653438963815,-1.6970063800557682,0.027076172641102403
14,2.15108507141116,0.579317202075913,-1.8272023311933197,0.0037460660856254435
15,2.231039945010366,0.5359440769989874,-2.098045299500882,-0.01599959169647036
16,2.2861392726223357,0.57840477006161,-1.4886624301388593,-0.034748448396214826
17,2.3236977327941304,0.8287129710297165,-2.092097463800698,-0.032423192386431765
18,2.4690673852502414,0.8250842553522375,-2.1802052338002227,0.0020200522835693846
19,2.485062042590755,0.823902100251928,-1.9959020648667831,0.07850237576860764
20,2.401183318710423,0.7731151902951865,-2.097192170687933,0.08701292105251923
21,2.432121797126399,0.8938174028374135,-1.9288382426570507,0.13191416697009117
22,2.47886411555686,1.0075088327680248,-2.3183203879378738,0.08882230078745579
23,2.556402402934566,1.0405556306376411,-2.1445277691221207,0.08734865587808827
24,2.5543982640431295,1.1052077956292123,-2.195349225433887,0.048533991631018125
25,2.5503832007875076,1.0945469850879874,-2.4252642131376803,0.003397118632733509
26,2.4441363051653866,0.8511689305078391,-2.3146157760219523,-0.0362688274649372
27,2.6840087449226644,0.9721303540885344,-2.6724119727276445,-0.0493545144333325
28,2.7949518825518567,1.2762945518576316,-2.2303141581346893,-0.04545683914835763
29,2.5738661398204954,1.090676951635288,-2.155374922449326,-0.02504498463673599
30,2.601181385334087,1.0043715838662877,-2.4379253709711577,0.0408497167595101
31,2.7450002371578535,1.2307266307850284,-2.529647280588776,0.09119104367499631
32,2.802935863986022,1.4919164859240936,-2.432372753286515,0.14640062700550516
33,2.8029763543552804,1.4163857672261884,-2.582953519847905,0.15289202320622053
34,2.8638430291438226,1.6407379035584597,-2.5765521405222103,0.10876194649694071
35,3.070347546756807,1.685454265472913,-2.4891205140555286,0.04925854742020874
36,2.7869966996860853,1.6505997864523465,-2.1146384657940587,0.017187023820611103
37,2.742868653583173,1.314341320977519,-2.5702058071577767,-0.015966737710584766
38,2.9117171133868283,1.4855673775924458,-2.6410500555606546,-0.04107220733970962
39,2.86150905267732,1.5374342328819353,-2.6672176017987397,-0.03498341491814472
40,2.824552739215335,1.3859721016935111,-2.8171623291074184,0.006014195819432189
41,2.920317622264008,1.4724071271359378,-2.9782583657950568,0.05384904840252602
42,2.8556234646719076,1.6660393909027107,-2.377146572944511,0.05763660685374816
43,2.7511960960837882,1.5823134202642564,-2.5046193348279644,0.06487182834325722
44,2.8360733914851153,1.5552323211458088,-2.844570863494525,0.07625128439434548
45,2.9141377710718075,1.5697715873705818,-3.098837746959262,0.03939629551922508
46,3.0186326172266718,1.890235128006509,-2.7685313984125344,-0.003762826551167109
47,2.9519496162238283,1.6985374359148864,-2.5207994236131412,-0.029835941327235105
48,2.8368649653667717,1.692654880585053,-3.1737380546457388,-0.04092447968093893
49,2.8890973560968973,1.708401926346852,-3.11497386491466,-0.04414507194428552
50,3.118532540012552,2.091546121023697,-2.7912014836773977,-0.03570625990943199
51,3.038720832329318,2.0783254807575986,-2.8166206415185115,0.01477600006069224
52,2.895908648472357,1.7906439490124058,-2.6104815317729475,0.06654026144462932
53,2.9289528439100536,1.7674127705382148,-2.7829966854310726,0.09576512757570299
54,2.921427810899104,2.012268787477865,-2.68676289719113,0.08951232711979173
55,2.8615941390862645,1.5986618392942376,-2.7917546343462476,0.057323516092480986
56,3.064457686568119,1.9718374629320579,-3.220205316709496,0.01402562684700115
57,3.195536605981033,2.080468628252788,-2.629148755522209,-0.001161941729492355
58,3.0031299733693686,2.0316350169962334,-2.589900281876737,-0.021574132568446203
59,2.8237731762970384,1.5532950460234076,-2.428169886656036,-0.044862747727961505
60,2.803931245097715,1.578335364520001,-2.979424753708699,-0.05399984371189248
61,3.0213309267373916,1.800604073968202,-2.8212814663315697,-0.06318653138305308
62,2.92869220942589,1.781363658858595,-2.517125516258929,-0.05413987861084024
63,2.9186171090366315,1.761232596561797,-3.129962139225441,-0.022083497846665523
64,3.0161808704480677,2.008428232446704,-3.049094349746781,0.018741257509248044
65,2.9840505931310872,2.1510055940091775,-2.6766942414107717,0.04464560398895401
66,3.0082430878637183,2.1801704167426124,-3.2162052657706965,0.04290861051305228
67,3.1679150980243094,2.29745604623497,-3.2474910864719533,0.04711729844206047
68,3.223131632250329,2.3718245547348715,-2.7705841479016016,0.02480050551844215
69,2.889040699759505,2.0645297745928417,-2.672992837575663,0.006739390369148168
70,2.8722329877792276,1.7607108328248842,-2.582376868402392,-0.031175441758023226
71,2.954885946053821,2.002632604692451,-2.853380654974373,-0.055675199412348775
72,2.922832199219897,1.924887380383268,-2.7928213370066146,-0.059816256936301215
73,2.8901990768893597,1.9169193496851449,-2.6451896577719225,-0.056667603912046616
74,3.114038394525494,2.0859050811531574,-3.1424941482084563,-0.028880874890376163
75,3.2378525820646473,2.581024509541237,-2.753710692792964,0.026266511737958353
76,2.9686106792426585,2.1301756463112724,-2.922461542083269,0.060189758009357774
77,2.92759916338656,2.126434392139828,-2.5367336640932905,0.11448464507958533
78,2.89028705986442,2.0572974463544256,-2.438554079557065,0.1016852170160405
79,2.8847170457081575,2.0922997907350407,-2.6152242876374032,0.06149897603847876
80,2.9542855128672727,2.0646564559340277,-2.9011903450461176,0.017986102136774207
81,2.87965777527387,2.000521010219103,-2.5202255721475524,-0.015737849158426798
82,2.815209367893715,2.076993174370301,-2.787568152623848,-0.030945267591391712
83,2.9070818349313186,1.9224046358998237,-2.7096194917697147,-0.0442035632581792
84,2.886714444539791,2.0534066519213354,-2.692508111164429,-0.028977702973008945
85,2.875273161048881,2.1126759851356383,-2.9392937422818477,0.004072106271337361
