,tas,rlut,rsut,rsdt
0,-0.06468773873240252,0.051129851890351574,0.446675964009998,0.03542121296834466
1,-0.0978577178972273,-0.08654259659883223,0.09592127824704733,0.018744352214412174
2,-0.17381300234870878,-0.1483277597174606,0.4099459433577266,0.01644980707351351
3,-0.09344940036083926,-0.32031843069015054,-0.00564407734533745,0.001554084936117306
4,0.03820187357160876,-0.09986748670436896,-0.2220754227010815,-0.026186377361455015
5,0.17307605936974824,0.15402551153670174,-0.48272440253863635,-0.042448515321723335
6,0.14618222994971575,0.14383388458662694,-0.19980342276939211,-0.04865743779726017
7,-0.04209599226390992,-0.17632652083545963,0.12710367396338995,-0.038308067369428045
8,-0.04654636931377354,-0.07536837908526195,-0.16249269363099472,-0.00904793141302207
9,0.1824969117362798,0.4053994369426164,-0.5276214679978608,0.018611509829042916
10,0.1670015031515959,0.19405898496188456,-0.2778863472111226,0.04247702421048416
11,0.001987506126340577,-0.060313856996287996,0.22854707538340335,0.038368879836014
12,-0.19446294575470802,-0.38209733056686446,0.5836827618580003,0.017228408852247412
13,-0.05641175736764126,-0.21663300010288822,-0.1956865911858614,0.002922754017504303
14,0.18670510961999298,0.12878293389704254,-0.43071564236380766,-0.01389680935267279
15,0.16873872036393323,0.34649139161655285,-0.5364438952138926,-0.021547645396083226
16,0.04396662750457381,-0.020149604403513877,0.03480196972562055,-0.027487709691229156
17,0.14551047113013738,0.39527742589021386,-0.7401836067270438,-0.03457868456570168
18,0.09359313340195285,0.1123113215789715,-0.3480000975201847,-0.021266597195335635
19,0.06269902353869838,0.1270908340465553,-0.2563834125397193,0.013950398128031338
20,0.20170943743147518,0.2263683305596942,-0.6369541465526112,0.013221983294670281
21,0.2827103754935365,0.4487340991171038,-0.398981956388468,0.03778086453348806
22,0.31733170963570956,0.21615626905503404,-0.6239502719178915,0.025120242485286326
23,0.23104337539450626,0.2812710454383023,0.030552960736599744,0.013669608407553824
24,0.1895568458753587,0.2342043572967043,-0.5110102752610715,-0.0046471594270087735
25,0.22263907623033674,0.39670403236652874,-0.2325243901864411,-0.03377858328212824
26,0.1903823889243199,0.3162106818608095,-0.3064469563689727,-0.04820463389313545
27,0.12387974591382545,0.35045263429447004,-0.30251781513472054,-0.05800804790305847
28,0.09255934347521588,-0.08768369561283862,0.028365075568714815,-0.06766601664168093
29,0.0825647066271813,0.08527822605228152,-0.4201953122287705,-0.06815378721904608
30,0.09470612398547473,0.1987016105626367,-0.1636794016984311,-0.04406474340441946
31,0.08395928082086357,-0.024216716062994692,-0.053082949712162986,-0.00601170955218322
32,0.25463153149138407,0.27873064327900465,-0.49957765698982826,-0.015307841111791731
33,0.17836985342853495,-0.3182449724056369,0.9407753408119248,-0.015570616394427361
34,-0.05778609710898763,-1.0582304433887657,2.4903647076756528,0.028041255907623963
35,-0.08868208631571406,-0.6818293237922433,0.9774177204044605,-0.0009658189151195984
36,-0.023549492322956667,-0.3880133845385103,0.06891241600838782,-0.02562053781070972
37,0.003953280430494033,-0.20238395989505875,0.14813864931086584,-0.04778142420389031
38,-0.00954243649385944,-0.2928701303800949,-0.1296319903508305,-0.06076017288177127
39,0.03711113117174136,-0.21757318757204303,-0.10972304101522923,-0.06151319813164946
40,0.023255094677892885,-0.16684005235913446,0.134740196472535,-0.05644736310858889
41,-0.06423443001688156,-0.3111333710404267,0.21434184560889946,-0.01075568017893147
42,0.1127217257032953,-0.25596853823370225,-0.17931151382722987,0.028051444499112677
43,0.1707674028072006,-0.13470496753373595,-0.0354235868259849,0.06883518894261442
44,0.11002513704738703,0.039939648247866444,0.11175402117208932,0.09704861901320783
45,0.14986544192845486,0.13007470583031022,-0.3145463839585432,0.07066018877384295
46,0.18875164357956464,0.06037605951021874,-0.1055778307685955,0.02222823712600075
47,0.04487836324864247,0.016096940204107568,0.22147108955481087,-0.008901850958977775
48,0.0031819602377822775,-0.1891072184501752,0.24706997145584353,-0.031168586782541752
49,0.09570296792992394,0.0720671071153447,-0.5686335583565949,-0.04183648500992376
50,0.15014975370792172,-0.03752899092197026,-0.12802484335861664,-0.05392202672220492
51,0.13772276628270674,-0.20991149285904953,0.12528237730934677,-0.07195181346020263
52,0.05311260018049779,-0.4080065475466199,0.3769204117094631,-0.06984396349452027
53,-0.20669455189403152,-0.9448053514922776,1.7076212810941058,-0.0397343930687839
54,-0.08627488494755653,-0.6595343966084499,0.9010581694209776,0.027697272400700967
55,0.05783469517399453,-0.18906505280747865,0.06628291015763921,-0.0020726657942304882
56,0.08298373524399949,-0.2190150495428611,0.4245264564336253,0.05403474543311404
57,0.059189604133734974,-0.35651714757213426,0.2988215074492899,0.019859159391046433
58,0.09352982725823722,-0.1001268827339743,-0.10713293573691374,0.0366818400059401
59,0.14155080194433367,-0.23758769268769697,0.20785650450767434,0.007346895009959553
60,0.07999794145018768,-0.10216759281962595,0.12395464054452532,-0.013129015400920707
61,0.13156870737327608,-0.13741095957172433,-0.2866322453637338,-0.04892262369025957
62,0.08399832837130816,-0.35804976062141236,0.69197417613006,-0.06444973805412246
63,0.03554341861257626,-0.38275061713460445,0.4488887580500318,-0.06249642522072918
64,0.10699902726531718,-0.16232090176453084,-0.4741581499416725,-0.04041246405540733
65,0.3479979574047434,0.1421439747994384,-0.15729943742711328,0.03229194980934835
66,0.2564970504533335,-0.069563534705253,-0.034225392642326824,0.09888511066560568
67,0.32496482287638173,0.19686589314360958,-0.3790043245357708,0.14176608208941843
68,0.30287393089190573,0.1586425100987583,0.09444145339034549,0.1497878069414469
69,0.24953970447910478,-0.0006693938661044285,-0.15253781281657552,0.08635758516192027
70,0.20729677736113672,0.005079745383682166,-0.02687630582298084,0.033557822305340324
71,0.2312015787493351,0.025048407732924716,-0.5138669863357421,-0.003356404130329338
72,0.3414921690285837,0.23974059047475293,-0.1834340967532171,-0.039804309902535806
73,0.38541907673959486,0.027409821256128453,-0.22418354595633616,-0.053294879329314426
74,0.27760303131037745,0.2706928202785548,0.018328896846782072,-0.039283970041765315
75,0.24222800931255506,-0.0014673453110560786,-0.10563402113378118,0.01627350600108457
76,0.21710107311719185,-0.0598406968593963,-0.11835518919757249,0.039919506112426006
77,0.24715443496313583,-0.0718368382376866,0.08287888187477677,0.10033858474110957
78,0.2871247781012016,0.03187482546564979,0.011538058415467844,0.07657577224591705
79,0.3753679520788751,0.0897735716346233,0.15394095335616953,0.07052745276683936
80,0.2312463986165767,-0.06813832895198857,0.18401222557338315,0.04844561601038322
81,0.36405056324610996,-0.018046549805575296,-0.33696002550614423,0.021633560282396047
82,0.3579695937839915,-0.05348363247205157,-0.1148849437330739,-0.01191747218939554
83,0.3997953839296997,0.15486839761638294,0.3210859900677434,-0.02748492986592055
84,0.08095513757081108,-0.46489575538248573,0.44973510979139064,-0.015514883615537656
85,0.26742664098901514,-0.1872993907466025,-0.6297364098392109,0.036932868639098615
86,0.5288004979212246,0.2750912828796288,-0.4084224761189006,0.1345095182448972
87,0.36840119096081025,0.2647668953797222,0.1762825404640438,0.15221881755292088
88,0.20631763555815041,-0.169556630284859,0.12613591714121242,0.1354437660855865
89,0.2650240012230256,-0.20799228427819116,-0.22430124409490304,0.1266863303181367
90,0.26496982744691877,-0.04899232023532818,0.003655248661004862,0.09660583889052532
91,0.30210943798590506,-0.15499894018702776,-0.228526441118575,0.06518500220408896
92,0.41935526267587875,0.08103314014962848,-0.34622092483246547,0.030811214096104322
93,0.4023579770394008,0.08340371435136262,0.15115939313629667,-0.0066315993628904835
94,0.27378080326781173,-0.1511240110596077,0.29499205867958267,-0.00029045492112800275
95,0.2903910572115933,-0.16314810524204404,-0.20725020578070996,0.05912531552979772
96,0.2908145156271189,-0.04452995156310635,0.015284251502990287,0.10091886438652864
97,0.34533841410586774,0.049051892229527994,0.04902494382204736,0.1713341504262189
98,0.29859421813296194,-0.2207510961664525,0.21747245644827728,0.22910512172018116
99,0.24251012051217913,-0.325035155427571,0.11757850198496556,0.17718353418223387
100,0.4083788511467219,0.004700893061169609,-0.47968354429582405,0.13443865290958001
101,0.49053219258064473,0.2626425082250705,-0.24450679315775403,0.043133226020927395
102,0.40818659649130495,-0.030884592667263178,0.18960638638124294,0.03937947630117833
103,0.3638483627116216,-0.134663071243466,-0.09663538585154186,0.011807061500974214
104,0.5558216934215352,0.0011041477042965653,-0.2622849003674048,0.011195641963638536
105,0.582990099542883,0.12099065821627164,-0.11198097619855218,0.05416576321846378
106,0.39512017070370575,-0.03838370952658465,0.24917884143808067,0.16852472904338356
107,0.2774458474947892,-0.05924394383453091,0.4207843044518853,0.27799708075667695
108,0.37543516884255723,-0.17241857663344717,0.0521046441770352,0.30105668868907287
109,0.40098090540880094,-0.16453016505926144,0.28584559329007675,0.24044080183898586
110,0.3301351418975287,-0.2942912566377913,0.2751391731977151,0.19687373119040785
111,0.2847761574780634,-0.4425036249781442,0.16620559450754513,0.11519700833997604
112,0.518490452162041,-0.04888189419395417,0.5135838208188801,0.043950948776796395
113,0.2965225537720926,-0.7991584037589803,2.1576077313023774,0.02028736470168724
114,0.11973389810441404,-1.0504202999901793,1.5713162889425547,0.01217802942852586
115,0.1566158086776568,-0.999941864135593,0.8657166341155147,0.01482706481436935
116,0.14202461936940836,-0.6142012994127128,0.45810382578815734,0.05747589305292422
117,0.1564157374223214,-0.7773306375459583,0.9171850116429141,0.12251316948169233
118,0.24725986033018899,-0.42307902925787744,0.5705763155370533,0.15448584810587818
119,0.3691531292224113,-0.6555393658083517,0.2422785620443193,0.1586102302535437
120,0.3441336764200287,-0.5016794055727587,0.9072889566608779,0.16155659279547763
121,0.30916152032534683,-0.8626858846185712,1.0013613812284916,0.11932432864512066
122,0.39970501794414304,-0.7789787683595364,0.39336095331896104,0.10879423046026204
123,0.48388669744201707,-0.588300239424683,0.2786830300236147,0.05533831386890142
124,0.391216682907384,-0.8661564516793305,0.9973032390180805,0.02666945777542651
125,0.33408621777039116,-0.933576544614084,0.936583405798288,0.02702164726576939
126,0.31980330493308884,-1.0179474892203189,0.8331250360250806,0.019265487865027353
127,0.37047853182997414,-0.802248894354733,0.5027561177956841,0.06353105652488011
128,0.5022592212889663,-0.6126058436605604,0.45746476638920797,0.1693495649237775
129,0.5493959316140149,-0.4883604289918537,0.9380414438732174,0.21745810192459203
130,0.4200171123955556,-0.7776288896453707,0.0809822168321972,0.22248192156922642
131,0.4994731012782836,-0.5602257996991966,0.30914008466822906,0.22798342863990229
132,0.5020066682605488,-0.80405913166868,0.8010670526579844,0.14653951461326642
133,0.3602535397045017,-1.333430697678864,1.19230701197597,0.14505520310638076
134,0.5768487026372782,-1.076357352398361,0.14948437494717837,0.05086962183435162
135,0.72111134407902,-0.6504201949969399,0.020563999521471032,0.011670201217157228
136,0.6575500419607465,-0.6982205084445354,0.568048029610992,0.015438018738223036
137,0.6490208404431428,-0.7664131101231817,0.06854518501734219,0.030820730073401137
138,0.6876106121981138,-0.6725671779420281,0.0453853584474615,0.11658560708013965
139,0.7444472772723998,-0.7801188431446633,-0.1073321750660341,0.22466702295417917
140,0.9982431629894108,-0.2218083616823776,-0.4810648745567221,0.22856963471838299
141,0.9394484760407522,-0.6803073351922819,1.077286384872579,0.21659853230210047
142,0.7027945815556222,-1.7319748850295298,2.4765576826992373,0.1672996417515833
143,0.5948652676675579,-1.5295910830284356,1.6643622857294673,0.09078766870237587
144,0.7448945149570818,-0.9908932788119102,-0.1980276900647766,0.02759480145653015
145,0.9591831681290728,-0.5223750324156811,-0.21188372908781616,0.016437767260811142
146,1.038026221181667,-0.40031587148817493,-0.08510577439210465,-0.009271935738809134
147,1.04696688353107,-0.5972406641866712,-0.6666995259116533,0.019760888834127854
148,1.0009161443601897,-0.6896286215919076,-0.17590370448110093,0.10083464572772982
149,1.1092317726239571,-0.5017133745368483,-0.6737611900204854,0.17795793711519536
150,1.317584679623394,0.1666914055086579,-0.9127798527579358,0.215352164231831
151,1.267838925426986,-0.20655708435575093,-0.501288056089848,0.20638086618561147
152,1.415532417552356,-0.050229073616492315,-1.209520962766291,0.2177130209093434
153,1.6691450929802158,0.4025841261328651,-0.9169654887580094,0.10998136414599458
154,1.4282100618999607,0.09402869179950812,-0.39731810864520867,0.050237502792583655
155,1.3510705873061966,-0.13264004247261596,-0.7150517329591395,0.0033484329064208396
156,1.424584284720197,-0.18925888763098442,-0.6534360794381797,-0.011144690203821028
157,1.429758915724392,-0.1240086901785844,-0.9071599008347988,-0.0368693611644062
158,1.5271641333267212,-0.16651175584547673,-1.098111818748123,-0.04025276835670866
159,1.5264348953880358,0.08842898674328126,-0.7109123894063742,-0.042679595004244675
160,1.4317513995397917,0.06197038832152657,-0.8361420136715907,-0.0008051987909425407
161,1.505148606401292,-0.13029474438584998,-0.7708068192873299,0.05326941700957377
162,1.4609442512298187,-0.20126473183447047,-0.8103417644651643,0.09883268398783684
163,1.5669070832842635,0.2077646109708553,-1.3881120884699243,0.10639514145657358
164,1.6231642983675556,0.06208708382519035,-1.3904982466817728,0.12574150121980665
