Year	tas_diff
0	0.015544829063603938
1	0.013032292449748316
2	-0.03590506451179448
3	-0.24866905043226412
4	-0.017627767951451115
5	0.15263158142883332
6	-0.03951482778626042
7	-0.07787721188270089
8	-0.1754801827742235
9	-0.29058686075209916
10	-0.08986897525238169
11	-0.15952166104463622
12	-0.2732452207829428
13	-0.27495062521895924
14	-0.19458062976746363
15	-0.14485100751834645
16	0.024228964086730892
17	0.13857159780910439
18	-0.14566949734319307
19	-0.23529319350912942
20	0.019053637494345164
21	0.03033014033366699
22	-0.07340149703084548
23	-0.04926488673125595
24	-0.019454192233929857
25	-0.04433352158760756
26	-0.29435125550875835
27	-0.5200525276755245
28	-0.18725098589251957
29	-0.23847888312786047
30	-0.11401939136203645
31	-0.26606338077390035
32	-0.06953436354464301
33	-0.3913803934588235
34	-0.07009927745704411
35	-0.12320890328347031
36	-0.2672042260748605
37	-0.47889188737072014
38	-0.022534797931766604
39	0.2481130920980442
40	-0.12026933900900252
41	0.009805794165127557
42	0.16159232416370883
43	0.32307604358883596
44	0.05189256366655043
45	0.008447978220012836
46	-0.05210281763977864
47	0.007308012933269548
48	-0.0330728292365891
49	0.027158138943782276
50	-0.04065137953350867
51	-0.25688851243696875
52	0.10960677209490349
53	0.1562788091772334
54	-0.199996213978208
55	-0.11254040707166377
56	0.006812297495304239
57	-0.044909249930208124
58	-0.12200157031258059
59	-0.23857610201833118
60	-0.31118076015681434
61	-0.0935786920964318
62	0.1548053251357021
63	0.09053838469278375
64	0.1679129956502564
65	0.04520762652143587
66	-0.273792257071448
67	-0.12901875362747384
68	0.13988719377455056
69	-0.12193982738872927
70	-0.21956688883221215
71	-0.046301188006848695
72	-0.05766232772182403
73	-0.1341957662558959
74	-0.25050380445499465
75	-0.3970145829287292
76	-0.4723384440734469
77	-0.26200697665514816
78	-0.3445661833991726
79	-0.3642689269990281
80	-0.37502846095511877
81	-0.2931443757543272
82	-0.3438701552021465
83	-0.16185556921814956
84	-0.01816012832742389
85	-0.15096872686456247
86	-0.37806121059977205
87	-0.3504547644228007
88	-0.2898324243258803
89	-0.286877335035286
90	-0.2943998844823834
91	-0.39165320590024794
92	-0.3088348559228264
93	-0.2572543426851173
94	-0.42109941998711503
95	-0.4085006405236551
96	-0.39967274093750826
97	-0.1202094007856048
98	-0.1967908496968925
99	-0.3172497032259759
100	-0.2785626614432273
101	-0.00419044584984736
102	-0.28142578654530576
103	-0.434091622019907
104	-0.26676894827131536
105	-0.28805820406410587
106	-0.20699966371558415
107	-0.050178682874748914
108	-0.07467921287979004
109	0.0008671810786201328
110	0.04595647945748402
111	0.08143799899415724
112	0.058988638227407464
113	-0.011268494431442483
114	0.052102383459441626
115	0.005555557491760066
116	-0.06943973188248484
117	0.04090518532104412
118	-0.09956161908961718
119	0.00039412148683437565
120	0.03804619588108625
121	-0.20862613312803918
122	-0.301488841387802
123	-0.17826019988763192
124	-0.19130620667655523
125	-0.0558198552460563
126	-0.1928836545467636
127	-0.22110740851432642
128	-0.3368752653106384
129	-0.2078963284483287
130	-0.23554296136812736
131	0.03881839477991236
132	-0.1785827257428804
133	-0.4907963844926023
134	-0.26359812113174724
135	-0.07705985449491076
136	-0.3923445230892226
137	-0.1454334494500591
138	-0.1950907700279131
139	-0.4137684249605128
140	-0.18032003092846544
141	-0.19909142571385632
142	-0.18963231335263112
143	-0.02171349363252617
144	0.09874490460212794
145	0.036043580524163205
146	-0.03064974860341635
147	-0.16977440138317568
148	-0.2515619136888335
149	-0.26027728602240696
150	-0.17119541733797433
151	-0.4654970437746685
152	-0.6344898575956256
153	-0.5444449339597444
154	-0.4862651586027982
155	-0.18743952959174393
156	0.059929525895921015
157	-0.07982706788094901
158	-0.376267863953981
159	-0.2731130510530264
160	-0.2316423723704955
161	-0.08827646865511468
162	-0.031636744477259726
163	-0.09926335579931167
164	-0.3159572522804583
165	-0.2036023928702248
166	-0.2573990260564513
167	-0.00373055579078746
168	0.09204152902635898
169	0.0072932539216593595
170	-0.38860866789674087
171	-0.2725964798268496
172	-0.027577900302768188
173	0.11545504037900745
174	-0.014501683069364502
175	-0.18145286097236202
176	-0.28532860484916
177	-0.20727189417244551
178	-0.2838037716659766
179	-0.22923335754162866
180	-0.03647830093003024
181	0.29925144481831856
182	0.3214751838145289
183	0.332810888620622
184	0.171560663976853
185	-0.020089028981983503
186	0.059843591121777395
187	-0.05367165340292557
188	-0.24813640513988688
189	-0.17512738313161735
190	0.05149356578011277
191	0.4272814283995865
192	0.3795619384469604
193	0.015174106014729238
194	-0.157519203467541
195	-0.14120472974950782
196	0.0806983070594749
197	0.11538896754289074
198	0.18105687422117134
199	0.17236098177041637
200	0.2585873369296052
201	0.18652813188004935
202	-0.004351435747504739
203	-0.27245414396039425
204	0.07381930444033058
205	0.2547933802885789
206	0.3242269555050721
207	0.3346853766153852
208	0.35380942606027665
209	0.29218291065228685
210	-0.0751151257809628
211	0.20576376585118217
212	0.263985766325014
213	0.20244267392136162
214	-0.09800878879400488
215	0.11482191921170437
216	0.138053019400461
217	-0.13364778945092692
218	0.06978174862973452
219	0.06060298402556241
220	-0.18419321877361128
221	-0.12621361592941227
222	-0.00913010472630238
223	-0.11808681272346733
224	0.04009032554480396
225	0.19809035153190702
226	-0.003773558208942207
227	0.14318397153383478
228	0.26653537814195083
229	0.29744141579595107
230	0.5316533025472419
231	0.3049237377699785
232	0.26674241258920306
233	0.36619408474913495
234	0.4864349950169242
235	0.31664238849569104
236	0.11482713490716545
237	0.47124026371810346
238	0.47756445684134974
239	0.12805662398463946
240	-0.03155966819542755
241	0.022971390857901675
242	0.3480930348048141
243	0.27610294237972055
244	0.2900683750033446
245	0.09043194870010307
246	0.35014159524213184
247	0.4773164958453522
248	0.4953042526643072
249	0.4250852177069304
250	0.08130201004306681
