Year	ERF
1850	-0.09649664513981439
1851	-0.18784541018719925
1852	-0.25769577045504094
1853	-0.1064887388701406
1854	0.32450492940033526
1855	0.2653448704572929
1856	-0.10474657895818423
1857	-0.004430000057001338
1858	0.24669182621892916
1859	0.07018875580509686
1860	0.22196115099324626
1861	-0.35449636183926964
1862	-0.6035981485818217
1863	-0.052953176035363925
1864	0.2702627352215284
1865	0.5965545864664328
1866	0.20908328816929272
1867	0.05435462562675969
1868	-0.04991182703079942
1869	0.5272060458782801
1870	0.09726937679319078
1871	0.07110809265831991
1872	0.17463427378979343
1873	0.08192751702875561
1874	-0.006614898053942192
1875	0.34118445212706283
1876	0.28542276630590396
1877	0.13892752194319702
1878	0.04558054785222718
1879	-0.06967676849797264
1880	-0.08618233774186351
1881	0.11330172215279938
1882	0.32459396728637824
1883	-0.4805798324948173
1884	-1.6207765965317527
1885	-0.15357602908662804
1886	0.2455848384717014
1887	0.2548870484723035
1888	-0.00669333555445617
1889	0.15858995568649484
1890	0.4552716660926842
1891	0.08869918184417963
1892	-0.14806027423325963
1893	0.3846185477163904
1894	0.4811356811694641
1895	-0.32985855079639714
1896	0.0431817849242975
1897	0.25569093248474356
1898	0.16245530881669695
1899	0.10036236434901191
1900	0.11645961522298036
1901	0.30669970021397325
1902	0.09975402997297048
1903	-0.9555692618276256
1904	-0.29260359932773317
1905	-0.09893389196813326
1906	-0.11081635248736821
1907	0.3866208250679397
1908	0.7358855983826725
1909	0.21116345513147616
1910	0.1443932449447769
1911	0.09591319363147893
1912	-0.1305702201892161
1913	-0.10939380684381177
1914	0.12174147926905651
1915	0.5030173965256842
1916	0.16347823253400967
1917	0.6405513170130764
1918	0.6506616878604139
1919	0.2442244480586961
1920	0.3375839120137957
1921	0.6846588691215055
1922	0.7121803696013691
1923	0.4123113960448216
1924	0.35926126965375105
1925	0.40647954020563215
1926	0.7085550079972913
1927	0.6943644974601085
1928	0.7471686595974829
1929	0.25339855146988344
1930	0.4294854157362912
1931	0.7018215674618511
1932	0.6715187351300372
1933	0.14647417981634026
1934	0.4309130136306628
1935	0.8888521456600252
1936	0.7656624721556198
1937	0.8636644130331194
1938	0.038192772247574724
1939	0.8317073141458162
1940	0.7649443295821429
1941	0.026169903051888488
1942	0.1525794373425849
1943	0.29443212535381197
1944	0.3001600164321174
1945	0.6055166731174532
1946	0.7681078497609566
1947	0.7172327487174602
1948	0.36314358225347393
1949	0.28821324920242786
1950	0.4851988080327557
1951	0.6523477615296458
1952	0.0956101178042057
1953	0.17262513107593946
1954	0.15806967470637223
1955	0.8571690606845628
1956	0.8785633135103481
1957	0.7053604337758512
1958	0.2405436152205115
1959	0.42525443830194126
1960	0.6612358909781691
1961	0.45579138109697864
1962	-0.012640714816362975
1963	-1.0307873812793016
1964	-0.5866541590393352
1965	0.2826092540229758
1966	0.18361891906622102
1967	0.47732951161428755
1968	0.5781418940879212
1969	0.44680434457003226
1970	-0.04224196848147621
1971	0.26389820554579585
1972	0.4936530269602264
1973	-0.03129745324975003
1974	0.2538091667356635
1975	0.4694177654868451
1976	0.4855387142315185
1977	0.4757615686986386
1978	0.9700985438682764
1979	0.7885256562292456
1980	1.0212804568167027
1981	0.5531756832292699
1982	0.1656013121926601
1983	0.36326144029559626
1984	0.44480398456494286
1985	0.6583326630839748
1986	0.7022779967447479
1987	1.1271972702365722
1988	0.7468679337998383
1989	1.258067967666272
1990	1.3855780968976554
1991	0.1651944820171365
1992	-0.7410806796747634
1993	0.22574422101016955
1994	1.0676856957667042
1995	1.4784000830310526
1996	1.3672772339164483
1997	1.6713095014817743
1998	1.5171921081189463
1999	1.8579419822634278
2000	2.1484093188792928
2001	1.9753125592091272
2002	1.7668837416477579
2003	1.6028644771847913
2004	1.3542859326763765
2005	1.9011421396713595
2006	1.901303384492695
2007	2.017707676460411
2008	1.8420634029062226
2009	2.1122649264854054
2010	1.5182054542217467
2011	1.9183012607227112
2012	2.373834979409216
2013	2.2452481002464393
2014	2.2429681535375643
2015	2.2584290233649806
2016	2.6864977830530337
2017	2.5355229532394743
2018	2.4843043117981813
2019	2.477431878839055
2020	2.8933263834612495
2021	2.621645461915136
2022	2.4777539178256447
2023	2.926897406307039
2024	3.692038082876984
2025	2.9107450212101424
2026	2.860271070160387
2027	2.990454635908627
2028	3.0980542018774626
2029	3.4072963976926207
2030	3.2606085293186116
2031	3.3816433226009535
2032	3.1458984914212405
2033	3.6701006111944734
2034	3.901457922173947
2035	3.6573194965995794
2036	3.813965964096954
2037	3.4738062288951532
2038	4.006172924907968
2039	4.238969737426327
2040	3.7277446157132887
2041	3.991445520309675
2042	4.040087135159661
2043	4.023797773707334
2044	3.795178078849236
2045	3.9541765379662444
2046	4.200596894409021
2047	4.835598024358854
2048	4.18648803524381
2049	3.986839337276928
2050	4.514901691895371
2051	4.336908273168743
2052	4.248467056329692
2053	4.44519057414256
2054	4.539929245908052
2055	4.461688544181481
2056	4.344015069851025
2057	4.613005006173193
2058	4.490781005669666
2059	4.653499327222381
2060	4.998472175683972
2061	4.69388011960794
2062	4.739947086107275
2063	5.27419131697199
2064	4.942593718013514
2065	4.986528754391694
2066	4.920499758298236
2067	4.665937106717603
2068	5.157809267908701
2069	5.391721983351215
2070	5.325508080453484
2071	4.723280999576314
2072	4.892857010217549
2073	5.291940573425339
2074	5.203914006867302
2075	4.728297373956805
2076	5.287550118465106
2077	5.145037707492758
2078	5.172294122766026
2079	5.345177112556421
2080	5.245165862277933
2081	5.308969403288149
2082	5.376767107202221
2083	5.5017745854111535
2084	4.953526089787067
2085	5.482830272344332
2086	5.493260793568023
2087	5.246007980482889
2088	5.61460034501483
2089	5.5266706696245125
2090	5.511309314554308
2091	5.467280444737552
2092	5.58630888538658
2093	5.250955303873889
2094	5.557950570271029
2095	5.572731099167854
2096	5.042842451985837
2097	5.861111748289157
2098	5.359329620263402
2099	5.516858766736333
2100	5.428805925724268
