,tas,rlut,rsut,rsdt
0,287.5496921418307,,,
1,287.52425263105823,,,
2,287.37692160558817,,,
3,287.5159398991268,,,
4,287.4987951414555,,,
5,287.4851997568105,,,
6,287.3707296270016,,,
7,287.4597822845804,,,
8,287.55779832930756,,,
9,287.3371560190895,,,
10,287.4057087434314,,,
11,287.50475515270074,,,
12,287.4611477236102,,,
13,287.5741038599742,,,
14,287.5116003269598,,,
15,287.64047145765517,,,
16,287.4299672031262,,,
17,287.49124603435547,,,
18,287.60841191973003,,,
19,287.64677863347765,,,
20,287.53178570422506,,,
21,287.47553588603597,,,
22,287.54709912498873,,,
23,287.4657240464273,,,
24,287.5824439316792,,,
25,287.3394345733598,,,
26,287.3312220462122,,,
27,287.4022335684036,,,
28,287.55022333926865,,,
29,287.5875897054496,,,
30,287.70488185968725,,,
31,287.5703854963798,,,
32,287.5480642953166,,,
33,287.352976043674,,,
34,287.3339024268707,,,
35,287.4034117919769,,,
36,287.42796091337186,,,
37,287.3457620795873,,,
38,287.47125198819055,,,
39,287.49808375468007,,,
40,287.3528367434681,,,
41,287.36892926104684,,,
42,287.44755803233073,,,
43,287.5654118938285,,,
44,287.6933229365224,,,
45,287.56979980389946,,,
46,287.4330834847216,,,
47,287.60050239347476,,,
48,287.6812953360622,,,
49,287.54786131548036,,,
50,287.39675281639387,,,
51,287.53303919836395,,,
52,287.43635126264905,,,
53,287.3262574451319,,,
54,287.3250160195095,,,
55,287.4563166735914,,,
56,287.59297312535904,,,
57,287.49740925483337,,,
58,287.45571153841166,,,
59,287.4060905057628,,,
60,287.36350653529036,,,
61,287.39496038941576,,,
62,287.56940097060107,,,
63,287.778258422463,,,
64,287.48252861805594,,,
65,287.40749490630486,,,
66,287.3749691144521,,,
67,287.45603900108307,,,
68,287.807138033498,,,
69,287.58524758461203,,,
70,287.29784494317096,,,
71,287.4025707627396,,,
72,287.550584375717,,,
73,287.60169806595394,,,
74,287.39037579513945,,,
75,287.39057450954715,,,
76,287.5294821303967,,,
77,287.59989067894645,,,
78,287.44161448334677,,,
79,287.46778102375816,,,
80,287.59598322001943,,,
81,287.63054740903027,,,
82,287.6356079475923,,,
83,287.6599104852089,,,
84,287.50260190963854,,,
85,287.59077784043086,,,
86,287.5712777733842,,,
87,287.60761972061755,,,
88,287.55386904213077,,,
89,287.4638326172589,,,
90,287.384821262071,,,
91,287.4046872381388,,,
92,287.65736862331863,,,
93,287.7394808766183,,,
94,287.6232854037465,,,
95,287.45394776658986,,,
96,287.54869213728966,,,
97,287.65654629454895,,,
98,287.6546467334517,,,
99,287.73303862423217,,,
100,287.5288839831236,,,
101,287.4225174321531,,,
102,287.435105672554,,,
103,287.47855740240055,,,
104,287.5017961103917,,,
105,287.6710122920065,,,
106,287.7733953699107,,,
107,287.55106672148025,,,
108,287.4284221153601,,,
109,287.45969273500805,,,
110,287.48494293190146,,,
111,287.5769590489511,,,
112,287.6701274130159,,,
113,287.5117933194952,,,
114,287.5944112221382,,,
115,287.6912329250443,,,
116,287.4262403825525,,,
117,287.51044444185845,,,
118,287.6871505132479,,,
119,287.6190790663908,,,
120,287.5848356456765,,,
121,287.5007031588634,,,
122,287.4702010238244,,,
123,287.4891494806279,,,
124,287.4572720680987,,,
125,287.7028064822857,,,
126,287.4901550625471,,,
127,287.48262414099435,,,
128,287.62348928622697,,,
129,287.5304991669288,,,
130,287.42080229350694,,,
131,287.4909220548356,,,
132,287.6485266795835,,,
133,287.8672078710893,,,
134,287.5225292074789,,,
135,287.5784322717555,,,
136,287.6958841713093,,,
137,287.72506817198183,,,
138,287.57510162081576,,,
139,287.58634343836184,,,
140,287.78630303796103,,,
141,287.4964450242616,,,
142,287.48791528006365,,,
143,287.66574449965145,,,
144,287.7146259804992,,,
145,287.62461138605244,,,
146,287.48034378086555,,,
147,287.644975203294,,,
148,287.92140352467436,,,
149,287.6765366330229,,,
150,287.4919748928764,,,
151,287.5223326908097,,,
152,287.6466668130985,,,
153,287.77091543101113,,,
154,287.5007487650535,,,
155,287.4782890839154,,,
156,287.6268886250313,,,
157,287.8261192045207,,,
158,287.58224655377967,,,
159,287.5556301820728,,,
160,287.5952632208063,,,
161,287.52047143583275,,,
162,287.51728404071406,,,
163,287.4961827448324,,,
164,287.5494809886268,,,
165,287.67988735497454,,,
166,287.70403641325146,,,
167,287.70083137377065,,,
168,287.6794904686798,,,
169,287.56143591923507,,,
170,287.5394780454456,,,
171,287.63479258602774,,,
172,287.59437161589426,,,
173,287.6439188051135,,,
174,287.5448942294497,,,
175,287.6032138383927,,,
176,287.66294091845515,,,
177,287.75331007069525,,,
178,287.7246013033547,,,
179,287.79546468795417,,,
180,287.54829559386,,,
181,287.40672732951083,,,
182,287.59838106753307,,,
183,287.64820309949096,,,
184,287.7148665960379,,,
185,287.83200136225156,,,
186,287.8029609732893,,,
187,287.5768027487513,,,
188,287.66594208359425,,,
189,287.6334373907508,,,
190,287.637587049984,,,
191,287.6161343963808,,,
192,287.70034113124706,,,
193,287.6168288313397,,,
194,287.5717155535106,,,
195,287.64014070754894,,,
196,287.7396002095428,,,
197,287.88241012995724,,,
198,287.931477803682,,,
199,287.51653378057614,,,
200,287.6481757342836,,,
201,287.6181002895041,,,
202,287.6303834140813,,,
203,287.82451713558623,,,
204,287.6404413914226,,,
205,287.5841589274807,,,
206,287.7229153294183,,,
207,287.5484233772113,,,
208,287.6502534197718,,,
209,287.7603307162935,,,
210,287.6746259010891,,,
211,287.7452112594385,,,
212,287.712305960619,,,
213,287.5704340291881,,,
214,287.6363023120266,,,
215,287.5666214377368,,,
216,287.48477958775203,,,
217,287.499821234288,,,
218,287.5763251414259,,,
219,287.58803227752645,,,
220,287.6598033375795,,,
221,287.6505735833545,,,
222,287.5888066393342,,,
223,287.81470883471127,,,
224,287.6808642969491,,,
225,287.6262947082766,,,
226,287.528987937806,,,
227,287.6146352330342,,,
228,287.5626868261188,,,
229,287.4579591158762,,,
230,287.43450721348665,,,
231,287.52894273956275,,,
232,287.7721933733,,,
233,287.7541644751919,,,
234,287.61663531176913,,,
235,287.6012960184498,,,
236,287.66590623757594,,,
237,287.74244224908244,,,
238,287.60970961407617,,,
239,287.4792299716839,,,
240,287.67712518388646,,,
241,287.70649701109926,,,
242,287.5657054611734,,,
243,287.6306989840679,,,
244,287.74123972063296,,,
245,287.6536030337326,,,
246,287.6661323921576,,,
247,287.49264300493996,,,
248,287.5363295113576,,,
249,287.64277118181815,,,
250,287.527578707025,,,
251,287.52203016781544,,,
252,287.62957402959375,,,
253,287.6951442347736,,,
254,287.60274961147115,,,
255,287.49841734755233,,,
256,287.5709954380747,,,
257,287.70473423684706,,,
258,287.5113682919992,,,
259,287.4041879280299,,,
260,287.5009378201311,,,
261,287.63320765216855,,,
262,287.6740796671642,,,
263,287.6723927356397,,,
264,287.62630759782564,,,
265,287.5646780807346,,,
266,287.68445660814257,,,
267,287.512409957481,,,
268,287.5129315152773,,,
269,287.51126908547,,,
270,287.5093630024896,,,
271,287.62225717108157,,,
272,287.7001929035792,,,
273,287.5235885540721,,,
274,287.6850537793801,,,
275,287.8276313082659,,,
276,287.8268517453564,,,
277,287.5858939928109,,,
278,287.42907989295827,,,
279,287.5864203040673,,,
280,287.61216906262877,,,
281,287.6568762299299,,,
282,287.6845799624374,,,
283,287.413849531762,,,
284,287.31060853037616,,,
285,287.46734094352627,,,
286,287.56518660773787,,,
287,287.6072977284276,,,
288,287.7441134584129,,,
289,287.9756044833886,,,
290,287.6931959669315,,,
291,287.51810573908057,,,
292,287.482200838027,,,
293,287.6553637547738,,,
294,287.6360899566897,,,
295,287.59891857072313,,,
296,287.61507049828043,,,
297,287.70017361765633,,,
298,287.57783122722714,,,
299,287.4408083186471,,,
300,287.63600157477975,,,
301,,,,
302,,,,
303,,,,
304,,,,
305,,,,
306,,,,
307,,,,
308,,,,
309,,,,
310,,,,
311,,,,
312,,,,
313,,,,
314,,,,
315,,,,
316,,,,
317,,,,
318,,,,
319,,,,
320,,,,
321,,,,
322,,,,
323,,,,
324,,,,
325,,,,
326,,,,
327,,,,
328,,,,
329,,,,
330,,,,
331,,,,
332,,,,
333,,,,
334,,,,
335,,,,
336,,,,
337,,,,
338,,,,
339,,,,
340,,,,
341,,,,
342,,,,
343,,,,
344,,,,
345,,,,
346,,,,
347,,,,
348,,,,
349,,,,
350,,,,
351,,,,
352,,,,
353,,,,
354,,,,
355,,,,
356,,,,
357,,,,
358,,,,
359,,,,
360,,,,
361,,,,
362,,,,
363,,,,
364,,,,
365,,,,
366,,,,
367,,,,
368,,,,
369,,,,
370,,,,
371,,,,
372,,,,
373,,,,
374,,,,
375,,,,
376,,,,
377,,,,
378,,,,
379,,,,
380,,,,
381,,,,
382,,,,
383,,,,
384,,,,
385,,,,
386,,,,
387,,,,
388,,,,
389,,,,
390,,,,
391,,,,
392,,,,
393,,,,
394,,,,
395,,,,
396,,,,
397,,,,
398,,,,
399,,,,
400,,,,
401,,,,
402,,,,
403,,,,
404,,,,
405,,,,
406,,,,
407,,,,
408,,,,
409,,,,
410,,,,
411,,,,
412,,,,
413,,,,
414,,,,
415,,,,
416,,,,
417,,,,
418,,,,
419,,,,
420,,,,
421,,,,
422,,,,
423,,,,
424,,,,
425,,,,
426,,,,
427,,,,
428,,,,
429,,,,
430,,,,
431,,,,
432,,,,
433,,,,
434,,,,
435,,,,
436,,,,
437,,,,
438,,,,
439,,,,
440,,,,
441,,,,
442,,,,
443,,,,
444,,,,
445,,,,
446,,,,
447,,,,
448,,,,
449,,,,
450,,,,
451,,,,
452,,,,
453,,,,
454,,,,
455,,,,
456,,,,
457,,,,
458,,,,
459,,,,
460,,,,
461,,,,
462,,,,
463,,,,
464,,,,
465,,,,
466,,,,
467,,,,
468,,,,
469,,,,
470,,,,
471,,,,
472,,,,
473,,,,
474,,,,
475,,,,
476,,,,
477,,,,
478,,,,
479,,,,
480,,,,
481,,,,
482,,,,
483,,,,
484,,,,
485,,,,
486,,,,
487,,,,
488,,,,
489,,,,
490,,,,
491,,,,
492,,,,
493,,,,
494,,,,
495,,,,
496,,,,
497,,,,
498,,,,
499,,,,
500,,,,
501,,,,
502,,,,
503,,,,
504,,,,
505,,,,
506,,,,
507,,,,
508,,,,
509,,,,
510,,,,
511,,,,
512,,,,
513,,,,
514,,,,
515,,,,
516,,,,
517,,,,
518,,,,
519,,,,
520,,,,
521,,,,
522,,,,
523,,,,
524,,,,
525,,,,
526,,,,
527,,,,
528,,,,
529,,,,
530,,,,
531,,,,
532,,,,
533,,,,
534,,,,
535,,,,
536,,,,
537,,,,
538,,,,
539,,,,
540,,,,
541,,,,
542,,,,
543,,,,
544,,,,
545,,,,
546,,,,
547,,,,
548,,,,
549,,,,
550,,,,
551,,,,
552,,,,
553,,,,
554,,,,
555,,,,
556,,,,
557,,,,
558,,,,
559,,,,
560,,,,
561,,,,
562,,,,
563,,,,
564,,,,
565,,,,
566,,,,
567,,,,
568,,,,
569,,,,
570,,,,
571,,,,
572,,,,
573,,,,
574,,,,
575,,,,
576,,,,
577,,,,
578,,,,
579,,,,
580,,,,
581,,,,
582,,,,
583,,,,
584,,,,
585,,,,
586,,,,
587,,,,
588,,,,
589,,,,
590,,,,
591,,,,
592,,,,
593,,,,
594,,,,
595,,,,
596,,,,
597,,,,
598,,,,
599,,,,
600,,,,
601,,,,
602,,,,
603,,,,
604,,,,
605,,,,
606,,,,
607,,,,
608,,,,
609,,,,
610,,,,
611,,,,
612,,,,
613,,,,
614,,,,
615,,,,
616,,,,
617,,,,
618,,,,
619,,,,
620,,,,
621,,,,
622,,,,
623,,,,
624,,,,
625,,,,
626,,,,
627,,,,
628,,,,
629,,,,
630,,,,
631,,,,
632,,,,
633,,,,
634,,,,
635,,,,
636,,,,
637,,,,
638,,,,
639,,,,
640,,,,
641,,,,
642,,,,
643,,,,
644,,,,
645,,,,
646,,,,
647,,,,
648,,,,
649,,,,
650,,,,
651,,,,
652,,,,
653,,,,
654,,,,
655,,,,
656,,,,
657,,,,
658,,,,
659,,,,
660,,,,
661,,,,
662,,,,
663,,,,
664,,,,
665,,,,
666,,,,
667,,,,
668,,,,
669,,,,
670,,,,
671,,,,
672,,,,
673,,,,
674,,,,
675,,,,
676,,,,
677,,,,
678,,,,
679,,,,
680,,,,
681,,,,
682,,,,
683,,,,
684,,,,
685,,,,
686,,,,
687,,,,
688,,,,
689,,,,
690,,,,
691,,,,
692,,,,
693,,,,
694,,,,
695,,,,
696,,,,
697,,,,
698,,,,
699,,,,
700,,,,
701,,,,
