,tas,rlut,rsut,rsdt
0,287.75098748977683,,,
1,287.89738687101504,,,
2,287.8060942514122,,,
3,287.6394381625938,,,
4,287.8679738465279,,,
5,287.9727829300568,,,
6,288.0401057455908,,,
7,287.6676100948128,,,
8,288.0182102534001,,,
9,288.2421572671622,,,
10,288.17986535660714,,,
11,288.31925666355517,,,
12,288.35758152046577,,,
13,288.149334016819,,,
14,288.11446490699484,,,
15,288.34758299620063,,,
16,288.4771170309082,,,
17,288.3831134133161,,,
18,288.2534078138505,,,
19,288.5709506361438,,,
20,288.60844508377596,,,
21,288.38741399557574,,,
22,288.39348211715145,,,
23,288.64766335092025,,,
24,288.6843394396298,,,
25,288.4833004956353,,,
26,288.3895361036817,,,
27,288.6773041476437,,,
28,288.6579346061398,,,
29,288.43947656742046,,,
30,288.4372769760811,,,
31,288.5263737837228,,,
32,288.6973519032029,,,
33,288.8382478714818,,,
34,288.7614950637934,,,
35,288.8028068259545,,,
36,288.4260913110372,,,
37,288.47046899061803,,,
38,288.74960900015617,,,
39,288.64946155325936,,,
40,288.54087092859703,,,
41,288.7576584156171,,,
42,288.748423370731,,,
43,288.3763216942715,,,
44,288.5299168113952,,,
45,288.8060078745254,,,
46,288.80572298531723,,,
47,288.509688086151,,,
48,288.40527547114095,,,
49,288.49329734604345,,,
50,288.7459110998487,,,
51,288.72147740901187,,,
52,288.5533377830236,,,
53,288.40988419790074,,,
54,288.692386096056,,,
55,288.6825993173078,,,
56,288.40734761502773,,,
57,288.60852181433665,,,
58,288.7992407235786,,,
59,288.66273188896776,,,
60,288.6808571769699,,,
61,288.89874127316193,,,
62,288.7765253085759,,,
63,288.570951447583,,,
64,288.67780721696863,,,
65,288.873327289261,,,
66,288.7772391510947,,,
67,288.5817587473789,,,
68,288.9211646183516,,,
69,288.5988253871224,,,
70,288.5796797026995,,,
71,288.6915259022,,,
72,288.7383298431525,,,
73,288.69831211343444,,,
74,288.7635043009777,,,
75,288.6849734533908,,,
76,288.38519913622974,,,
77,288.42761107508977,,,
78,288.6598404778351,,,
79,288.6332390259016,,,
80,288.613134745829,,,
81,288.55476467364457,,,
82,288.6898796538905,,,
83,288.5143279379543,,,
84,288.65822280537003,,,
85,288.6515351195292,,,
86,288.41053323943623,,,
87,288.5924451564332,,,
88,288.74634602634444,,,
89,288.4083302514451,,,
90,288.5612488806334,,,
91,288.561077041549,,,
92,288.7706312139665,,,
93,288.47429803514643,,,
94,288.46182630204277,,,
95,288.6958724457727,,,
96,288.74912753851623,,,
97,288.7303409716713,,,
98,288.69842127747717,,,
99,288.6409090092718,,,
100,288.7735824213375,,,
101,288.7485106817665,,,
102,288.70411182394645,,,
103,288.43595092414364,,,
104,288.628308347733,,,
105,288.658272838564,,,
106,288.441484480131,,,
107,288.53479130142614,,,
108,288.6739772772516,,,
109,288.4929000764842,,,
110,288.44599758966655,,,
111,288.6123122171985,,,
112,288.48339955870154,,,
113,288.51550148366783,,,
114,288.6468069020482,,,
115,288.64632462651764,,,
116,288.3661382248168,,,
117,288.2204375866864,,,
118,288.46328351495356,,,
119,288.65986954792044,,,
120,288.48958964848435,,,
121,288.5073302371398,,,
122,288.70967635498204,,,
123,288.82128218964186,,,
124,288.4120178188314,,,
125,288.41042619677506,,,
126,288.6784715701594,,,
127,288.69783141519446,,,
128,288.34283061627724,,,
129,288.40225778898747,,,
130,288.62045361499696,,,
131,288.69389193282774,,,
132,288.58628493908753,,,
133,288.63248518007293,,,
134,288.7786349657983,,,
135,288.6028679336174,,,
136,288.51084330509053,,,
137,288.45565132477356,,,
138,288.572989267319,,,
139,288.6999563512812,,,
140,288.779872358962,,,
141,288.5088453887883,,,
142,288.4775237046251,,,
143,288.66169144154577,,,
144,288.72337167177994,,,
145,288.4938313687567,,,
146,288.3746752308683,,,
147,288.5029639784755,,,
148,288.7445196360634,,,
149,288.64892549584016,,,
150,288.5453208988218,,,
151,288.5977388067702,,,
152,288.8253076843022,,,
153,288.8514720949958,,,
154,288.8316524868291,,,
155,288.85858122056135,,,
156,288.61656261852386,,,
157,288.5364037207531,,,
158,288.72065361613153,,,
159,288.7935546253517,,,
160,288.59850341579374,,,
161,288.61129520909464,,,
162,288.74490447906055,,,
163,288.7023085018589,,,
164,288.4138088259563,,,
165,288.62177006312817,,,
166,288.7168836009455,,,
167,288.6346281413301,,,
168,288.526459736355,,,
169,288.5433142631331,,,
170,288.43661320146333,,,
171,288.5642569147337,,,
172,288.7539828422532,,,
173,288.43528201675525,,,
174,288.40871753935915,,,
175,288.56668200170924,,,
176,288.7677925809658,,,
177,288.76394861339776,,,
178,288.47494285427075,,,
179,288.5183061530432,,,
180,288.6980377033155,,,
181,288.78678811652253,,,
182,288.55032280978185,,,
183,288.4630124584803,,,
184,288.5999396925768,,,
185,288.62089487870855,,,
186,288.5635205984454,,,
187,288.605175447705,,,
188,288.72127872514136,,,
189,288.4871315799006,,,
190,288.4419892093711,,,
191,288.64133878955244,,,
192,288.74029073676195,,,
193,288.5465116127673,,,
194,288.3805834889973,,,
195,288.62786662673756,,,
196,288.642141569403,,,
197,288.48590449392907,,,
198,288.4964381834498,,,
199,288.66434297541923,,,
200,288.46922326994985,,,
201,288.62345888849524,,,
202,288.676187438298,,,
203,288.53131756680784,,,
204,288.46880493890234,,,
205,288.72978000390276,,,
206,288.6319078561982,,,
207,288.6853050638575,,,
208,288.8615453516765,,,
209,288.78413452666916,,,
210,288.4908921104963,,,
211,288.53550493538165,,,
212,288.8030488286147,,,
213,288.58726411647035,,,
214,288.5649752759138,,,
215,288.69822036574715,,,
216,288.77976386807603,,,
217,288.5809454538946,,,
218,288.5235052907863,,,
219,288.61122752707234,,,
220,288.6642496514065,,,
221,288.6075850234323,,,
222,288.4968231619652,,,
223,288.4569273711088,,,
224,288.61427888324323,,,
225,288.709252511931,,,
226,288.51601637049055,,,
227,288.4417952522301,,,
228,288.6662321762795,,,
229,288.7898721192231,,,
230,288.4455898546883,,,
231,288.4632373923604,,,
232,288.69835194506294,,,
233,288.8411582644391,,,
234,288.54887242628155,,,
235,288.40596400957,,,
236,288.58510724167803,,,
237,288.6508228178659,,,
238,288.5492580118034,,,
239,288.5372848515345,,,
240,288.7013373287866,,,
241,288.3780881715729,,,
242,288.5104028174917,,,
243,288.7465616145681,,,
244,288.4580989928358,,,
245,288.4010707583995,,,
246,288.58134630069884,,,
247,288.60256421062905,,,
248,288.4639870381456,,,
249,288.489467749581,,,
250,288.6249718421839,,,
251,288.42054571406237,,,
252,288.5076724390595,,,
253,288.63110624388725,,,
254,288.4856381555549,,,
255,288.3774674983222,,,
256,288.4741375736993,,,
257,288.71045884901815,,,
258,288.6091654740018,,,
259,288.42735309348774,,,
260,288.4301669712792,,,
261,288.730485257575,,,
262,288.5940671379207,,,
263,288.5906930215201,,,
264,288.47585587882355,,,
265,288.6088136396052,,,
266,288.6337139560354,,,
267,288.4534369118587,,,
268,288.5108634835852,,,
269,288.6069538739011,,,
270,288.4470246514008,,,
271,288.4232550866299,,,
272,288.5375878661135,,,
273,288.3581348809198,,,
274,288.27706154913574,,,
275,288.6011609286967,,,
276,288.71209298008614,,,
277,288.4818385165317,,,
278,288.46867324733154,,,
279,288.59948192923747,,,
280,288.51446801258544,,,
281,288.5714729534827,,,
282,288.53009283917527,,,
283,288.6981866817527,,,
284,288.49198693791874,,,
285,288.39474344040394,,,
286,288.4347578897648,,,
287,288.5477680200251,,,
288,288.6501791902015,,,
289,288.59458040849574,,,
290,288.30714342335096,,,
291,288.37106859054956,,,
292,288.66272142104066,,,
293,288.7682959813574,,,
294,288.4632944870189,,,
295,288.43130134491014,,,
296,288.7755261825942,,,
297,288.6483017184086,,,
298,288.6683390147722,,,
299,288.65229571334135,,,
300,288.4291489595252,,,
301,288.5823472363343,,,
302,288.69835759724634,,,
303,288.72311167644835,,,
304,288.4950912729079,,,
305,288.204857766317,,,
306,288.49618554014967,,,
307,288.7486792205059,,,
308,288.4387047465965,,,
309,288.50959534144226,,,
310,288.72704555988406,,,
311,288.70570026211345,,,
312,288.33037241049095,,,
313,288.4182182407435,,,
314,288.6339832994767,,,
315,288.7581094984128,,,
316,288.45387360338094,,,
317,288.58786573867616,,,
318,288.6333417100793,,,
319,288.42377850355604,,,
320,288.5991689213538,,,
321,288.6516041897642,,,
322,288.4270518671648,,,
323,288.5234748173062,,,
324,288.67518616164693,,,
325,288.56698658931015,,,
326,288.4289367036599,,,
327,288.3481094855516,,,
328,288.5725810866873,,,
329,288.7188335197072,,,
330,288.45507370254734,,,
331,288.29784909794677,,,
332,288.4071581137779,,,
333,288.6008430787046,,,
334,288.72953763756084,,,
335,288.4660994357285,,,
336,288.54504813136134,,,
337,288.54623351328536,,,
338,288.68385399830464,,,
339,288.50187518662113,,,
340,288.4753021148875,,,
341,288.6242419334167,,,
342,288.4812450777362,,,
343,288.5667362290991,,,
344,288.6800834643826,,,
345,288.39003550062614,,,
346,288.40298870496974,,,
347,288.61342753417654,,,
348,288.5348530665177,,,
349,288.28897079798725,,,
350,288.37921163030154,,,
351,288.55458121832277,,,
352,288.54354468334753,,,
353,288.4163015999325,,,
354,288.56643873652695,,,
355,288.5915712599339,,,
356,288.3594425200977,,,
357,288.48339120764126,,,
358,288.752725877664,,,
359,288.66820400413843,,,
360,288.4307942839337,,,
361,288.3777322092592,,,
362,288.3856070110637,,,
363,288.5380929910712,,,
364,288.76163305382846,,,
365,288.501864182255,,,
366,288.27109634935033,,,
367,288.50024395070443,,,
368,288.6522324960463,,,
369,288.5499997885025,,,
370,288.54694780486165,,,
371,288.57036354643543,,,
372,288.78941429161506,,,
373,288.6327581024532,,,
374,288.32658372914943,,,
375,288.556917349122,,,
376,288.7217657786221,,,
377,288.68473024037075,,,
378,288.64113387767196,,,
379,288.72779926726264,,,
380,288.5977244019144,,,
381,288.50495955035194,,,
382,288.64495074238243,,,
383,288.7081453070316,,,
384,288.63618467062594,,,
385,288.6443465395643,,,
386,288.6893642932584,,,
387,288.5994358230302,,,
388,288.40681081477686,,,
389,288.6108750285228,,,
390,288.5996848329934,,,
391,288.65640904116725,,,
392,288.57146628514585,,,
393,288.6215008561009,,,
394,288.7574579053857,,,
395,288.66185318190605,,,
396,288.66528258502973,,,
397,288.6112411473561,,,
398,288.5629106174508,,,
399,288.5724271484947,,,
400,288.5406826198808,,,
401,288.36749876055273,,,
402,288.5976816978027,,,
403,288.6906531196108,,,
404,288.5569606858607,,,
405,288.43131434657374,,,
406,288.3686234399636,,,
407,288.57069695106026,,,
408,288.4782155492228,,,
409,288.7048701230037,,,
410,288.53507695675495,,,
411,288.5371451332664,,,
412,288.67896122331086,,,
413,288.7458861785916,,,
414,288.56411861193016,,,
415,288.72225815517595,,,
416,288.6737664293484,,,
417,288.35388204822317,,,
418,288.45213143466344,,,
419,288.6913148704997,,,
420,288.6500186963502,,,
421,288.6439158010973,,,
422,288.7647142960482,,,
423,288.5149004835155,,,
424,288.48749083883905,,,
425,288.6146480521232,,,
426,288.7966132956172,,,
427,288.7673830025298,,,
428,288.58224423206565,,,
429,288.61337623906866,,,
430,288.69012783674276,,,
431,288.7697234706589,,,
432,288.70313686327034,,,
433,288.4302970348379,,,
434,288.4324764789274,,,
435,288.7215631444253,,,
436,288.5405967945324,,,
437,288.5672422290733,,,
438,288.73891538097706,,,
439,288.63242579690916,,,
440,288.65169653760194,,,
441,288.40111605167556,,,
442,288.3287313259022,,,
443,288.5283896206039,,,
444,288.684209795408,,,
445,288.5127617102494,,,
446,288.499096699531,,,
447,288.6984357382749,,,
448,288.7283443283543,,,
449,288.5213134240152,,,
450,288.5129043597368,,,
451,288.57352668231977,,,
452,288.63925093607423,,,
453,288.60130833796285,,,
454,288.6395550096922,,,
455,288.727838168284,,,
456,288.3303273137374,,,
457,288.33633530969064,,,
458,288.4945376715894,,,
459,288.69584112359206,,,
460,288.454549051232,,,
461,288.4703422267072,,,
462,288.7132944095188,,,
463,288.5501514447335,,,
464,288.70848345927783,,,
465,288.8090691925514,,,
466,288.53356238894975,,,
467,288.5055480894793,,,
468,288.50497082827053,,,
469,288.5876313384753,,,
470,288.52834185083327,,,
471,288.7717187110065,,,
472,288.6060373738966,,,
473,288.47281974891735,,,
474,288.6106227210632,,,
475,288.71262345147,,,
476,288.6196084599213,,,
477,288.3962560903486,,,
478,288.50540017337,,,
479,288.7537254206406,,,
480,288.7431097791556,,,
481,288.45449324603777,,,
482,288.37691751475086,,,
483,288.5140603352269,,,
484,288.74034808611145,,,
485,288.64296426130164,,,
