,tas,rlut,rsut,rsdt
0,1.1015609959241033,-0.21916651914202134,-0.11505596140435159,0.06446375678802951
1,0.9535227835050364,-0.7263954915400745,-0.03975206194034797,0.0243862266605106
2,0.9905604276473241,-0.6776685983861626,-0.40432734432650363,-0.026883935392163494
3,0.9708679297838216,-0.7817871972783621,-0.45394971531001715,-0.034822606027319125
4,1.1482067268851779,-0.7024750527184551,-0.6165302295514152,-0.03616823465944208
5,1.2820077717259437,-0.36224471767280875,-0.9105891800841732,0.005815893568978936
6,1.4582600790326978,0.3957891765212196,-1.238904250444051,0.04515863363388917
7,1.3038142181455896,0.04723203028814282,-0.8635349654219482,0.12270201381301149
8,1.2832215808348906,-0.1308549591569772,-1.095127787284767,0.1672116535664827
9,1.4012400108259158,0.08044282824531024,-1.1782828576775728,0.21709166390922974
10,1.4432236423145923,0.05731489667914502,-0.9713317958310768,0.1419909221987723
11,1.4052529630942558,-0.1648398339412438,-0.8115622037874459,0.09265395924921904
12,1.5482680173395806,0.3084711068649142,-1.6630617642051675,0.04325566743654008
13,1.498187908823411,0.20867978588802316,-1.2828552658804995,0.05501993306603481
14,1.558800615900111,0.30498427166639885,-1.5252445509086385,-0.009930388466784734
15,1.4623134909035116,-0.08892249385326068,-0.9753748468273784,-0.02776121714572355
16,1.5547794443258454,0.25915278243456896,-1.1204391020775546,-0.04528652086287366
17,1.5480898517791957,0.08249093847948075,-1.219747395236027,-0.009532597706765955
18,1.5474771402502938,0.035092918077026525,-1.001678540238217,0.0012369860003786926
19,1.4720354444517056,0.12303685558546817,-1.412638231295631,0.07584893084259647
20,1.7240422448924733,0.5442787908795026,-1.469673453235032,0.08463927210152633
21,1.6748960220022013,0.040086914642159854,-1.3699330048601581,0.15063281504274073
22,1.6582131578204553,0.5169424651296595,-1.6845750007489642,0.08371975772462292
23,1.6923007067657636,0.25702361399834217,-1.7666531369183502,0.08359591556620671
24,1.8496259133808621,0.9002415029578685,-1.6349315705763132,0.03578535350186485
25,1.6986522436936298,0.4080823475473494,-1.584361801530065,0.022267590484034372
26,1.6575571080683744,0.31808809630817336,-1.5059157848802727,-0.04921187503458668
27,1.81102135753315,0.6363392608661229,-2.2379514592201133,-0.06020382369001709
28,1.8567247057245595,0.956849496865857,-2.0302921452176435,-0.054954937874015286
29,1.7281548033818126,0.5633081180621389,-1.443238179793866,0.0011329734975902284
30,1.6619713874172817,0.44044104549030294,-1.647105924498561,0.03974409877599783
31,1.7341121141101894,0.8765240218188239,-1.8793952276278674,0.08797876806960403
32,1.6082721263473445,0.48769928721043243,-1.8539888131526823,0.1414641677648092
33,1.719116234791386,0.5595764202954285,-1.8858307515475303,0.17943408777233572
34,1.9057948831322733,0.9823341118872122,-2.5052548666242416,0.10299344824028367
35,1.9774576834428217,1.3980178197399766,-2.157565531140449,0.03619379283242097
36,1.834854395160562,0.6667066465291214,-1.5728999569336821,0.0027319384220163556
37,1.8102151348431903,0.9019273175704825,-2.074986618207163,0.00392802232130407
38,1.8439862002588825,0.7172226109933604,-2.0829702800115797,-0.05008765617822064
39,1.812322671617551,0.729546089769201,-1.6793283257956375,-0.04166355927884524
40,1.6687249258536667,0.4843325118823998,-1.6708062708817408,-0.0009382612224726472
41,1.7318974412808075,0.5863675871368628,-2.2151949786362763,0.08171697923143029
42,1.918952117629317,0.9924815015432671,-2.382587922909593,0.051323770113867795
43,2.059004757620926,1.204443328572637,-2.198644028143292,0.060176307421897945
44,1.9449673361510236,1.1884291135989145,-2.0544420402452346,0.06591374534235683
45,1.839647730710567,0.9190701345841603,-2.0429535754479673,0.05618514590224777
46,1.8983441431407755,0.919707037180217,-2.264047013252977,-0.01169557777927821
47,1.9009316314595708,1.0454288361473232,-2.214990609885163,-0.04124983138592597
48,1.9251814761759078,1.0369093118337105,-2.353455479718477,-0.05157061614812619
49,1.8903192131138553,1.0096608007355883,-1.8636662582100882,-0.023450054372574414
50,1.7195009119036513,0.6535940380979639,-1.9017838496861543,-0.04272043220368005
51,1.950894668491003,0.9685240962027137,-2.66211094770118,0.012841484203875098
52,2.0188180436780954,1.4227031570655129,-2.184415833957985,0.06266365466728985
53,1.974437905547802,0.9883056991549495,-2.4604958694068415,0.12285387409838222
54,2.197508431448,1.531592963768901,-2.2605488428795724,0.07963433708215462
55,2.1641352618934775,1.532922229374151,-2.3765546936309505,0.04885926455210665
56,2.1521390951771764,1.5930892666319494,-2.5390931276909328,0.004711424792503749
57,1.95932585133869,1.1658250264464414,-2.080541289503401,0.015067585404096917
58,2.043836576210083,1.379713688156528,-2.643135699020263,-0.032537717320053616
59,2.1992164183345153,1.4477408957609441,-2.484399093849831,-0.05555828865806234
60,2.06426453100687,1.4739210959583033,-2.4071514667854217,-0.06502439163659801
61,1.9977829566846594,1.4031571589567875,-2.2240412336633,-0.04282803316272066
62,1.9824663017517992,1.3310988839339188,-2.421532615515119,-0.06215788888158613
63,2.132929298717272,1.4737544838691008,-2.5146643863223517,-0.026928923591015064
64,2.037139135346365,1.4810110818291946,-2.3923304303792605,0.011047989175949624
65,2.0350360186297394,1.5508736138100119,-2.3450913495731385,0.0695849929504675
66,2.0449425620096235,1.3319746575066063,-2.452680436844176,0.040230526484435813
67,2.025368989346589,1.6070019020580162,-2.284046907756263,0.03876338820464298
68,2.0412505690749185,1.4941389228113735,-2.5280381542117,0.010797086890647734
69,2.0957062762344663,1.7529191429642879,-2.9498207111940644,0.029030454141889095
70,2.2115431148461653,1.653212841946555,-2.7913053202733664,-0.04495338584217734
71,2.2401488515145616,1.945722724587057,-2.6422244544737623,-0.068279329302527
72,2.076689096604184,1.514896074495823,-2.4325542429404265,-0.07023551705367481
73,1.941951016324765,1.3249256255068644,-2.228979115646524,-0.03509354495724892
74,2.044219208252912,1.6759028584042994,-2.425307959178511,-0.0342139691479133
75,2.030555444010247,1.6404807386388143,-2.48568559594068,0.020004739926321236
76,2.0159616634363715,1.7132949015093573,-2.7215141857818423,0.05963017654141822
77,2.1096518461529286,1.881948239455312,-2.3345850381176376,0.14363467130527852
78,1.9014066550370785,1.5140412859997525,-2.1901218327028005,0.09033883842596424
79,1.888160711825492,1.3022617444580362,-2.336080038529559,0.04698533260085469
80,2.1444486627992774,1.7254734969530432,-2.785628329133118,0.012485396459737785
81,2.131695740474754,1.9458552789314467,-2.2659838892869857,0.0034848016346700206
82,1.9004180846274608,1.6913484722248597,-2.233174336560225,-0.041921323514714004
83,1.9481974333950802,1.437388414272931,-2.596266938143529,-0.05486729763504172
84,2.0766996292401814,1.844998464118504,-2.5933996456628563,-0.03618498953750304
85,2.0441372583610473,1.7405207706760564,-2.5775937860724696,0.006249030515903087
