,tas,rlut,rsut,rsdt
0,286.8082813761668,240.15419243752126,99.9648831074424,340.18707297445826
1,286.76973032329806,240.2265285614142,99.92037648584022,340.18707297445826
2,286.7813583685823,240.26653240984578,99.77658902204166,340.18707297445826
3,286.69699004240266,240.1340634226601,100.0093833654048,340.18707297445826
4,286.7557037012076,240.2012851760627,100.17092715818507,340.18707297445826
5,286.61351964466115,239.95386683563092,100.46227398672842,340.18707297445826
6,286.6390728645153,240.08613856711136,99.88686576053614,340.18707297445826
7,286.7340212099734,240.23596849449473,99.47806851553766,340.18707297445826
8,286.7295589015491,240.19264493625906,100.56204987165067,340.18707297445826
9,286.58410538989824,239.91792108283315,99.96230164897482,340.18707297445826
10,286.4490173414707,239.60436484621013,100.37657619551878,340.18707297445826
11,286.422946288845,239.92559698840788,100.34736856741733,340.18707297445826
12,286.4878818685136,239.79879409543437,99.7863448005546,340.18707297445826
13,286.5633355389993,239.89282311683485,99.71629323222625,340.18707297445826
14,286.6619422999593,240.26213969958948,99.76976557839463,340.18707297445826
15,286.6554607967432,239.8709603307782,100.20065739647453,340.18707297445826
16,286.6390670797779,239.98218894507318,99.7883664867507,340.18707297445826
17,286.67746184641084,240.04595191173163,99.80465278707123,340.18707297445826
18,286.7720135175362,240.39985111314044,100.24681596089226,340.18707297445826
19,286.554914126098,239.82685968418286,100.39190301017203,340.18707297445826
20,286.52651178966124,239.8254804004649,100.0867325899551,340.18707297445826
21,286.5662474000546,239.9337374434517,100.06199013321442,340.18707297445826
22,286.54543343909995,239.95138604729718,100.25385147046421,340.18707297445826
23,286.58731520108097,239.86782087805673,100.24979561050382,340.18707297445826
24,286.5778021669129,239.99931724154166,100.17754918280224,340.18707297445826
25,286.6499746563211,239.89821989741563,99.9287369412368,340.18707297445826
26,286.76962544869247,240.00695397920413,100.2235140045713,340.18707297445826
27,286.61360440167056,239.98535875506187,100.07232280119949,340.18707297445826
28,286.5971615078609,239.95497588010195,100.16991705672869,340.18707297445826
29,286.623316364316,240.07327444681866,99.84109035883269,340.18707297445826
30,286.58661613542614,239.83519316756644,100.12135765798253,340.18707297445826
31,286.5620161453163,239.9821429777941,100.57445411634156,340.18707297445826
32,286.5216256799921,239.86033699103788,100.15724145927129,340.18707297445826
33,286.66696419117227,240.0053504915517,99.74114685531703,340.18707297445826
34,286.57724787001973,240.10099219217844,100.60525034752163,340.18707297445826
35,286.4115251508951,239.67477167402603,100.38412561579696,340.18707297445826
36,286.4818289544971,239.79318253309972,100.1990280774836,340.18707297445826
37,286.52780769386567,239.77585565837754,100.17686039712466,340.18707297445826
38,286.6369581947017,239.81957808566906,99.87734607149683,340.18707297445826
39,286.7365831556022,240.03558667017663,99.92708031928191,340.18707297445826
40,286.68395726229863,240.13844081382294,100.61888108139955,340.18707297445826
41,286.472863894595,239.75210610967721,100.54872652947496,340.18707297445826
42,286.5025407653946,239.7064463764897,100.09742424432751,340.18707297445826
43,286.5675197365253,239.8400803691011,99.93183415449977,340.18707297445826
44,286.70716887886476,240.07095218733,100.0000889327085,340.18707297445826
45,286.5896969643818,239.86251431976504,100.09997522450385,340.18707297445826
46,286.5642246575974,239.9377787504884,100.41699275989781,340.18707297445826
47,286.4032498423754,239.71867819724955,100.46608256889101,340.18707297445826
48,286.447314471981,239.7384402641691,99.95775523546742,340.18707297445826
49,286.59033366621156,239.8575425891405,99.88971705583587,340.18707297445826
50,286.646929663661,240.14146439580418,100.20588686095748,340.18707297445826
51,286.4512643644922,239.81619331260353,100.60702237695004,340.18707297445826
52,286.56265105652847,240.05968748031773,100.04178479433631,340.18707297445826
53,286.64248966036445,240.10096094083562,100.02608775453824,340.18707297445826
54,286.66241833285625,239.9466804130385,100.15755851586594,340.18707297445826
55,286.653837777374,240.01397509174095,100.03020361466169,340.18707297445826
56,286.58575826003784,240.0249190340849,100.24571903142409,340.18707297445826
57,286.62766193339854,240.01530172640273,99.95282012136909,340.18707297445826
58,286.74492408486776,240.09389075083848,100.02180323012311,340.18707297445826
59,286.624136728199,240.0181665453293,100.36534321346033,340.18707297445826
60,286.5597433825414,239.88105892604355,100.27637535044691,340.18707297445826
61,286.5993080672749,239.87939451042985,100.27885561610897,340.18707297445826
62,286.5960151161405,240.15526899311917,100.223955672674,340.18707297445826
63,286.61814477078286,240.13097854505085,99.97947668798294,340.18707297445826
64,286.5982672382862,239.9280528650836,100.44916732742894,340.18707297445826
65,286.5752974347677,239.8615181109556,100.43010029835297,340.18707297445826
66,286.6396165383398,239.91938504637957,99.99783160959099,340.18707297445826
67,286.6128914730975,240.0051935417242,99.99979782328404,340.18707297445826
68,286.65602779627403,240.0293400079892,99.9221785059183,340.18707297445826
69,286.4984739434632,239.79915529519346,100.63695329496592,340.18707297445826
70,286.4998848464857,239.71793033170718,100.18362813661786,340.18707297445826
71,286.60922578117214,240.0734167609306,100.20810128928343,340.18707297445826
72,286.53388075235864,239.8919781315867,100.1390027031988,340.18707297445826
73,286.5886597972979,239.88818337800447,100.14217364738234,340.18707297445826
74,286.6258481440298,240.01085316084968,100.27086724235811,340.18707297445826
75,286.51242910658885,239.90250604822435,100.61433118762993,340.18707297445826
76,286.36307508076237,239.60910630895285,100.19033368412845,340.18707297445826
77,286.54400284200835,239.88003410888686,100.20559216244696,340.18707297445826
78,286.4796034974882,239.77497043544278,100.39629836631883,340.18707297445826
79,286.6040553332602,239.9460941868384,99.89064275560992,340.18707297445826
80,286.59159741564264,239.98128309225933,100.05965696357066,340.18707297445826
81,286.61536650650044,240.07468657441174,100.12309782178822,340.18707297445826
82,286.53055435122394,239.95053723985055,100.47503648396044,340.18707297445826
83,286.5072377048555,239.73644799208589,100.03231150083589,340.18707297445826
84,286.54343696780273,239.64580680863673,99.95847240622668,340.18707297445826
85,286.6657072985951,240.17857358405402,99.74095698855723,340.18707297445826
86,286.6556822811981,239.94807293037934,99.75545045559544,340.18707297445826
87,286.6202898122258,240.08789418319873,100.34091995906806,340.18707297445826
88,286.3889366315903,239.55438966245183,100.72121431622617,340.18707297445826
89,286.62303938167184,239.95616303546808,99.90210371433909,340.18707297445826
90,286.72970768628784,239.94069104205155,100.14710781961709,340.18707297445826
91,286.7085204570947,239.93582906378595,100.05186291878795,340.18707297445826
92,286.5632704304416,239.94519730930577,100.70294980443968,340.18707297445826
93,286.46244173494637,239.81285055932895,100.49327267205142,340.18707297445826
94,286.3183613598638,239.7046279107608,100.55675667937344,340.18707297445826
95,286.4911542461296,239.77706952791686,99.70619234254268,340.18707297445826
96,286.7093226588457,240.29023246639892,100.00024172944336,340.18707297445826
97,286.7392132675807,240.12794872227678,100.03044316365946,340.18707297445826
98,286.73355163344127,240.21220734396636,100.17048911696959,340.18707297445826
99,286.5802960422859,240.0754098776896,100.12224719054281,340.18707297445826
100,286.60723920256436,239.80926394532375,99.72677358169601,340.18707297445826
101,286.8903446408437,240.58177033298625,99.4650714032429,340.18707297445826
102,286.7729701567126,240.10579752640902,100.2982861437053,340.18707297445826
103,286.61659354965053,239.83905930054394,100.31288832790743,340.18707297445826
104,286.57904815853936,239.86916852756022,100.15892285924677,340.18707297445826
105,286.55676537809717,239.98620385999052,100.65551150960789,340.18707297445826
106,286.47021162198587,239.84584164964235,100.00320871554648,340.18707297445826
107,286.62126970268986,239.97459074199188,99.76315284998606,340.18707297445826
108,286.79487249836535,240.26128656540666,99.7700072478148,340.18707297445826
109,286.6929568875957,240.18215528833707,99.9784994641816,340.18707297445826
110,286.7379938341267,240.36271636422202,99.57042376540119,340.18707297445826
111,286.7302791321852,240.21029030187333,100.00041929824074,340.18707297445826
112,286.6383755695736,240.0890320457296,100.12657419397168,340.18707297445826
113,286.4796950045634,239.80584248310427,99.98991761307309,340.18707297445826
114,286.49008866381683,239.77595260233008,100.13853876061643,340.18707297445826
115,286.80406836631704,240.18050979472616,99.80683885794507,340.18707297445826
116,286.7128825760453,240.3773144331989,99.97053980068637,340.18707297445826
117,286.72572623841916,240.29972174879234,100.04387753665111,340.18707297445826
118,286.5210121195444,239.84828555614095,100.23733025316596,340.18707297445826
119,286.67184922871616,240.2550997054592,99.59569719815312,340.18707297445826
120,286.70607610254723,240.05874186450748,100.1795670442282,340.18707297445826
121,286.6779907286055,240.1030119666107,100.08147032546185,340.18707297445826
122,286.7314185305343,239.98305921499016,99.8689395878315,340.18707297445826
123,286.6979857961973,240.1805609247549,100.09859550164038,340.18707297445826
124,286.5615560227808,240.01102156013758,100.188094937401,340.18707297445826
125,286.6628715488033,240.0294796931794,99.88254406742256,340.18707297445826
126,286.7474006195335,240.0942755546348,100.0158089337042,340.18707297445826
127,286.62512433437576,240.09234268675235,100.37999456236967,340.18707297445826
128,286.6403295899502,239.97049314379447,100.01896131297957,340.18707297445826
129,286.7737998186949,240.14093941359496,99.90443695101597,340.18707297445826
130,286.7319770664244,240.11325183501285,100.08018342513166,340.18707297445826
131,286.7171442618399,240.1098009700817,100.24025560770745,340.18707297445826
132,286.6371629891225,239.8890950605457,100.44559881585361,340.18707297445826
133,286.5796835823998,239.98635465806822,100.22419563192163,340.18707297445826
134,286.652369992401,240.12841768233457,99.85553396165851,340.18707297445826
135,286.5915660457442,240.0121273650675,99.99110791161802,340.18707297445826
136,286.66694087217394,240.22622914347542,100.06436420202714,340.18707297445826
137,286.59353835049376,239.85420892100467,100.39469651085999,340.18707297445826
138,286.37879659995855,239.88152888549885,100.20721904498072,340.18707297445826
139,286.5975172091773,239.95012732095128,99.61998929177885,340.18707297445826
140,286.65580065653654,239.9838779990407,99.91372160832384,340.18707297445826
141,286.69705578529266,240.0288766898045,100.16046474795576,340.18707297445826
142,286.7953302934322,240.27528698981166,99.76841314626705,340.18707297445826
143,286.68158440020346,240.22848214286384,100.05976738993088,340.18707297445826
144,286.65743095815395,239.8332713480904,100.4062929949555,340.18707297445826
145,286.6630787896309,240.0556711103728,100.27099230530048,340.18707297445826
146,286.60793823356755,239.86638709036512,100.08876075530729,340.18707297445826
147,286.5859529926126,239.99146952663637,100.25142508611846,340.18707297445826
148,286.57703672064196,239.81809102602628,99.81072490255404,340.18707297445826
149,286.63233006683777,239.99043249534614,100.31697947443679,340.18707297445826
150,286.59073457216306,239.94060292759767,100.30142614814406,340.18707297445826
151,286.3804932030894,239.71119600610322,100.68356673721472,340.18707297445826
152,286.40239976082853,239.5051138823541,100.22029375695394,340.18707297445826
153,286.5569185857151,239.77155401306848,100.05825312173647,340.18707297445826
154,286.55486977682915,239.80949528343442,100.16144474973157,340.18707297445826
155,286.59704846295097,239.8303387650969,99.88859150372137,340.18707297445826
156,286.81382037424737,240.27350596129398,99.69531214973222,340.18707297445826
157,286.7133678883859,240.13133440876808,100.28360071899816,340.18707297445826
158,286.51461082221607,239.8670871399464,100.18658755909557,340.18707297445826
159,286.6157856294256,239.96636612808277,99.66167230423552,340.18707297445826
160,286.7221839530727,240.0445812456651,100.08983404801047,340.18707297445826
161,286.68921350798206,240.03304186903554,100.49039734464327,340.18707297445826
162,286.4649923633904,239.69778052424928,100.57915789428858,340.18707297445826
163,286.65859242360347,239.92499858652488,99.9874717292804,340.18707297445826
164,286.6072846042968,239.98045705914606,100.11497428769349,340.18707297445826
165,286.53475451481825,239.91772466238606,100.16067820315214,340.18707297445826
166,286.3645161788245,239.54532650838567,100.77513484460822,340.18707297445826
167,286.4217246038506,239.570179121191,100.19449087877213,340.18707297445826
168,286.59327589565737,239.803012613582,99.80803012093112,340.18707297445826
169,286.8251722718378,240.3510846040593,99.89339908461909,340.18707297445826
170,286.7108892630671,240.11134899747515,100.04280516427367,340.18707297445826
171,286.59255809581913,239.9383857657568,100.40341157462166,340.18707297445826
172,286.62809625916026,239.960870045604,100.18880213361923,340.18707297445826
173,286.55285887849533,239.95979966815662,100.35080176759749,340.18707297445826
174,286.47095216009023,239.82391351012393,100.11852096163993,340.18707297445826
175,286.4881681175111,239.95037510974703,99.9894824252735,340.18707297445826
176,286.58490699471304,240.04552716166017,99.91410137166194,340.18707297445826
177,286.62362553487355,239.9973947850416,99.99650929128035,340.18707297445826
178,286.5495151277478,240.0672964543157,100.33407071884825,340.18707297445826
179,286.386162955889,239.64719798109437,100.42449270775666,340.18707297445826
180,286.55156898869745,239.92270297079105,99.57866948900146,340.18707297445826
181,286.62964945727236,240.0455343400198,99.80935813223458,340.18707297445826
182,286.7859202052062,240.29735409060456,99.7825658311681,340.18707297445826
183,286.63083082718623,240.14800890674167,100.0553055143779,340.18707297445826
184,286.60803116590216,240.02854802784157,100.01792740648746,340.18707297445826
185,286.62366278075183,239.86111562626988,99.93427887497342,340.18707297445826
186,286.7517196181411,240.02340845792787,100.05640687433493,340.18707297445826
187,286.53654269270675,239.70595369821527,100.60821294214058,340.18707297445826
188,286.73362165078953,240.09410012171898,99.56189573437494,340.18707297445826
189,286.82564145134705,240.33651588556086,99.64604992130364,340.18707297445826
190,286.8259349253245,240.35941537993244,99.81939744677845,340.18707297445826
191,286.58571641211466,240.12382061804792,100.35912252920303,340.18707297445826
192,286.6046681702066,239.86233497485117,100.00981346970748,340.18707297445826
193,286.8019052171724,240.28242780637265,99.77985869495792,340.18707297445826
194,286.81306851908715,240.3167696468316,99.90042644018779,340.18707297445826
195,286.72944899444735,240.14343607608257,100.13536664884838,340.18707297445826
196,286.6533999893007,240.19752754223376,100.05597942796003,340.18707297445826
197,286.4418018235458,239.66178362157606,100.7039535758337,340.18707297445826
198,286.5540091851049,239.85785178537557,100.10587548658874,340.18707297445826
199,286.62912733859883,240.00570720534634,100.15709259697462,340.18707297445826
200,286.66734185519863,240.02206285193643,100.25463831699007,340.18707297445826
201,286.69668037298277,240.05318758990055,99.57263764572332,340.18707297445826
202,286.7688788630478,240.5210002089781,99.947534037921,340.18707297445826
203,286.6135876185761,239.84943632627164,100.2339086260025,340.18707297445826
204,286.54303744720954,239.95465355390402,100.18207316512077,340.18707297445826
205,286.68756336720827,239.97992310431005,100.25827463293082,340.18707297445826
206,286.6496324753335,240.08034869800323,100.03964614608624,340.18707297445826
207,286.6798738542868,240.12692625945223,99.97598716824986,340.18707297445826
208,286.68246146434404,240.02485699683916,100.0377941745308,340.18707297445826
209,286.7382026701639,239.99982533066338,100.0563148864514,340.18707297445826
210,286.5423026425976,239.90127242969365,100.42166402230102,340.18707297445826
211,286.68614947142277,240.07866036599,99.70743497268103,340.18707297445826
212,286.7023137119464,240.0107750142357,99.92664340539432,340.18707297445826
213,286.7276760099622,240.15870359694017,99.96080327180282,340.18707297445826
214,286.61125316502864,239.97785088868045,100.42675615719588,340.18707297445826
215,286.61693370876975,239.8765223084005,100.1190938248895,340.18707297445826
216,286.542171635629,239.7208973691387,100.6565556150954,340.18707297445826
217,286.4741950011807,239.68236211780678,100.15881352393951,340.18707297445826
218,286.6434544795495,239.99965994069373,100.23952802362335,340.18707297445826
219,286.5666526858669,239.89730666768025,100.22973850942408,340.18707297445826
220,286.54185381318285,239.8165598691211,100.06951372801063,340.18707297445826
221,286.6032383895357,240.02630957080183,100.11713626494411,340.18707297445826
222,286.50583882792534,239.7229262202167,100.42519514952816,340.18707297445826
223,286.4326298198781,239.8414571194954,100.57005845024379,340.18707297445826
224,286.60682780178473,239.93457967521462,99.86058022229308,340.18707297445826
225,286.5511383748309,240.01850536879263,100.30463646065827,340.18707297445826
226,286.4648566957614,239.92130066385607,100.40949267516159,340.18707297445826
227,286.50097756611177,239.75698894406528,100.05744873605524,340.18707297445826
228,286.45539301548047,239.62522840970215,100.23687637740862,340.18707297445826
229,286.6193698570198,240.10088530209757,99.86579705031555,340.18707297445826
230,286.6138413190503,240.06522758636595,100.37091014628628,340.18707297445826
231,286.49574419182693,239.80101812870876,100.39018509407133,340.18707297445826
232,286.4106867314478,239.73240279259187,100.13635900117958,340.18707297445826
233,286.4701459284253,239.7515978238148,99.87499554163071,340.18707297445826
234,286.60068773431004,239.95376947425316,100.08013201310752,340.18707297445826
235,286.63573077453606,240.08480998066003,100.12899582548796,340.18707297445826
236,286.61025593067336,240.01383258349153,100.05197110170688,340.18707297445826
237,286.6223042768683,239.96039340324987,100.18628844537135,340.18707297445826
238,286.68149952467996,240.0038010255082,100.32362320542067,340.18707297445826
239,286.5663926834077,239.9111916997288,100.07126718933121,340.18707297445826
240,286.6272378793736,240.06888684056526,100.18626683225422,340.18707297445826
241,286.6380249169561,239.9135977559571,99.97085109526222,340.18707297445826
242,286.5761956931746,239.99671031612783,100.2242531977901,340.18707297445826
243,286.5911867434783,239.85353496166923,100.11850403039675,340.18707297445826
244,286.8010191357905,240.0976201585494,99.901470901444,340.18707297445826
245,286.68206654252253,239.99206064472233,99.96953409702054,340.18707297445826
246,286.6642881409561,240.12721699870647,100.21870218986696,340.18707297445826
247,286.4876781617614,239.78569062982328,100.40523411828701,340.18707297445826
248,286.4984126684567,239.92559169172088,99.98835582252305,340.18707297445826
249,286.4529153376729,239.8400061885312,100.50691711829903,340.18707297445826
250,286.4439012670635,239.7394445721247,100.13288652434437,340.18707297445826
251,286.5846041563786,239.77384687966864,99.93584718781416,340.18707297445826
252,286.87822551825667,240.2642063910702,100.01767499154123,340.18707297445826
253,286.71008574150386,240.1062881313767,100.24704531821344,340.18707297445826
254,286.49562346499323,239.9696591210538,100.6178902569941,340.18707297445826
255,286.53061103641204,239.95093390117026,99.85880199985998,340.18707297445826
256,286.63936507646747,240.14913733525952,99.77531848579368,340.18707297445826
257,286.58248399614706,240.06276495893238,100.22424437824553,340.18707297445826
258,286.6137732234691,240.06046025719522,99.97406311641635,340.18707297445826
259,286.6419183375068,240.1293056480498,100.30956215685586,340.18707297445826
260,286.5445238583946,239.74037331785587,100.32632541340097,340.18707297445826
261,286.6594042787928,240.14057970755002,99.88688679211494,340.18707297445826
262,286.6168850970835,239.68150109258156,100.28101827436093,340.18707297445826
263,286.6951750037501,240.13925787492653,99.80230035109743,340.18707297445826
264,286.7817301374253,240.0663015066277,99.55988572018025,340.18707297445826
265,286.7057716662752,240.1520007154196,100.63208739306246,340.18707297445826
266,286.59868207330027,239.86972960749134,100.26034772879954,340.18707297445826
267,286.5684651257305,239.8966860776941,99.79537189792471,340.18707297445826
268,286.57795733601955,239.9210301290095,100.11959540114675,340.18707297445826
269,286.6915588092517,239.98747699016937,100.02857601615499,340.18707297445826
270,286.5584009286726,240.09404576769126,100.45505295487595,340.18707297445826
271,286.57130368420445,240.09998732886564,100.23723037736494,340.18707297445826
272,286.61256853383765,239.9051402654056,100.1505844993063,340.18707297445826
273,286.41337342967824,239.9027273001817,100.36430551776341,340.18707297445826
274,286.50082395846533,239.59878265159583,99.72753637706268,340.18707297445826
275,286.7310929102736,240.05816951024119,99.94608368457835,340.18707297445826
276,286.8106590696508,240.39329163753825,99.94072025263729,340.18707297445826
277,286.6469368759689,239.85814991689492,100.23907310296869,340.18707297445826
278,286.63057078318457,240.11616261915492,100.14053317576878,340.18707297445826
279,286.74181174816835,240.219434408504,100.27583975650275,340.18707297445826
280,286.7753958189455,240.2401078912507,100.16026093398308,340.18707297445826
281,286.4655288944271,239.67384104280572,100.37612894151881,340.18707297445826
282,286.42329739191865,239.62906898036613,100.48217915379773,340.18707297445826
283,286.53062245867704,239.67141086382208,100.07740190240135,340.18707297445826
284,286.6593093261816,239.88974620190038,99.95442169334639,340.18707297445826
285,286.6561834566906,240.01381199428798,100.13267666317414,340.18707297445826
286,286.595471707903,240.0795151796967,100.1066387068938,340.18707297445826
287,286.54805992902493,239.81454399565152,99.92789752108013,340.18707297445826
288,286.65060344439246,239.9957712131684,100.01779730492986,340.18707297445826
289,286.627536048295,240.25426324384455,99.9962745526035,340.18707297445826
290,286.6500203079927,239.9132189412945,99.76940254012281,340.18707297445826
291,286.7193291231977,239.98694346884236,100.0133807581791,340.18707297445826
292,286.59951582546637,239.89890954099795,100.42994357486452,340.18707297445826
293,286.52739021714007,239.85695238406524,100.1685903029268,340.18707297445826
294,286.5077162719413,239.91264427919987,99.93965559049434,340.18707297445826
295,286.55155240008656,239.8625712860285,100.31666389675202,340.18707297445826
296,286.59089343732967,239.91729158482676,100.05025285517105,340.18707297445826
297,286.5203991241102,239.63598382219698,100.28771288244137,340.18707297445826
298,286.62601618948605,240.07781559821,99.57162057909659,340.18707297445826
299,286.77438349398307,240.1645328969828,99.86621445355816,340.18707297445826
300,286.7328348311765,240.15523357302519,100.03704300997988,340.18707297445826
301,286.7126353920211,240.19249978610378,100.06925375880388,340.18707297445826
302,286.5536024443515,239.78876931379799,100.07200738964947,340.18707297445826
303,286.61101583816446,240.0415437346647,99.9197862244161,340.18707297445826
304,286.59165954044784,239.72539202066346,100.37616504709678,340.18707297445826
305,286.6336242383101,240.01301805636228,99.87325750407912,340.18707297445826
306,286.6905651824385,240.0247010557246,100.06644769945676,340.18707297445826
307,286.7115822889352,240.0073808514486,99.77830464181959,340.18707297445826
308,286.60731027536866,239.946316614219,100.25682574616435,340.18707297445826
309,286.5021379184518,239.68010596759382,100.27117340021734,340.18707297445826
310,286.55451406273437,240.07911418702736,100.15559941393803,340.18707297445826
311,286.58950948182314,239.89865532332155,100.1689932976944,340.18707297445826
312,286.6936560163926,240.10927534628468,100.25915188729289,340.18707297445826
313,286.6112736664448,239.79990902186208,99.93673822583723,340.18707297445826
314,286.61106067271106,239.76090911668862,99.96770473359521,340.18707297445826
315,286.6423451523405,240.05790670658413,100.26317982977868,340.18707297445826
316,286.63971669123265,240.0854996893064,100.38579134428261,340.18707297445826
317,286.4279273643088,239.8094606030421,100.3678752602741,340.18707297445826
318,286.4337379258565,239.8397864053534,100.01486993294213,340.18707297445826
319,286.542796603068,239.92729432483517,100.08219274863127,340.18707297445826
320,286.4725066260168,239.68766361088822,100.25415598633373,340.18707297445826
321,286.557226781593,239.92728340442014,100.2519990985581,340.18707297445826
322,286.42231493547496,239.76069962111058,100.69211452932188,340.18707297445826
323,286.36556586811304,239.6269333013826,100.48020747447292,340.18707297445826
324,286.49471479107206,239.882964627515,100.01723888762001,340.18707297445826
325,286.48308308488464,239.62445542152275,100.40248129769066,340.18707297445826
326,286.6189019918499,239.85471274705148,99.96387101968593,340.18707297445826
327,286.5953129179889,240.17950706835438,100.45259692734776,340.18707297445826
328,286.48975527033144,239.82924112712445,100.18819212731073,340.18707297445826
329,286.5514506692461,239.80550444495577,100.30512051978604,340.18707297445826
330,286.54620397857667,239.9860462498857,100.25810358444319,340.18707297445826
331,286.57540909011874,239.87585416497055,99.69411264419398,340.18707297445826
332,286.5478313668523,240.05573506787377,100.1853025162967,340.18707297445826
333,286.63856609442263,240.0747502278772,100.03528821195086,340.18707297445826
334,286.5724140274106,239.9754589295569,100.0419891519677,340.18707297445826
335,286.59640261749803,239.88420187000574,99.91319357217905,340.18707297445826
336,286.6358035708641,240.1774715963237,99.83858077658488,340.18707297445826
337,286.686182180468,240.29957924868714,100.15956575344968,340.18707297445826
338,286.5894824051932,239.95030176057003,100.12555713644643,340.18707297445826
339,286.77673675985534,240.30877299082417,99.86274529177034,340.18707297445826
340,286.65036189492497,240.06118575252458,100.21053519451992,340.18707297445826
341,286.6537605459096,239.91623515467919,100.14479087850134,340.18707297445826
342,286.62721430412205,240.01628590653232,100.00571724280655,340.18707297445826
343,286.68425266091583,239.99392151220266,99.7546251118764,340.18707297445826
344,286.6460783669433,240.03320305858406,100.40996493569394,340.18707297445826
345,286.67198595296037,240.11244623573847,99.79553676206399,340.18707297445826
346,286.7384767968078,240.26213825433499,100.05520146199416,340.18707297445826
347,286.50701540578495,239.783775209759,100.65285249152355,340.18707297445826
348,286.4264211351856,239.59921241680547,100.44246072824994,340.18707297445826
349,286.49365228360574,239.71388957449787,100.09808326157577,340.18707297445826
350,286.56668977778185,239.91179283891276,100.11370004689707,340.18707297445826
351,286.68649773445054,240.13428960105549,100.0780449855829,340.18707297445826
352,286.6021577840887,239.88029769843112,100.32034396077637,340.18707297445826
353,286.64901047730467,240.09407781936065,99.99295438802464,340.18707297445826
354,286.64680281932743,239.87185960204874,100.3810678946097,340.18707297445826
355,286.5246756970296,239.8625506888659,100.18563355765718,340.18707297445826
356,286.59179733805587,239.8966168437702,99.9183521145337,340.18707297445826
357,286.5981570220919,239.88474475415026,100.26024654142141,340.18707297445826
358,286.4742154915104,239.87513274064293,100.33522813310647,340.18707297445826
359,286.5463003301569,239.77249784456797,99.90879975464979,340.18707297445826
360,286.6222815192307,240.07400362037447,100.0668151401902,340.18707297445826
361,286.5219471651735,240.01870270676656,100.35918152538147,340.18707297445826
362,286.59326393512595,239.93826937890108,100.1283796738713,340.18707297445826
363,286.55671039484747,239.9037771487615,100.12577643416164,340.18707297445826
364,286.6196159783761,239.98679891529196,100.09943799564356,340.18707297445826
365,286.6770968964162,240.0772448798854,99.92836623267448,340.18707297445826
366,286.6697289735642,240.11289239382458,99.83987980465209,340.18707297445826
367,286.6464869330079,240.07203418823238,99.96810952900312,340.18707297445826
368,286.6820871916282,240.11961869416726,99.98834884034473,340.18707297445826
369,286.47746753510023,239.67344411376018,100.43756442591366,340.18707297445826
370,286.527506474348,239.76663878639326,99.9123480182119,340.18707297445826
371,286.57782146765504,239.99578749141097,100.33650249769977,340.18707297445826
372,286.6693059065558,240.16276974057743,99.82349218106349,340.18707297445826
373,286.7521316419989,240.282688353794,100.01421956415976,340.18707297445826
374,286.5740858390077,239.8835124813445,100.36375746563857,340.18707297445826
375,286.6167046441352,240.03918247828764,99.7325778586674,340.18707297445826
376,286.57289391814794,239.94171419960057,100.10347366095182,340.18707297445826
377,286.5862276954612,240.10912605835247,100.13208706483577,340.18707297445826
378,286.64346741732027,239.99557738101794,99.8045386852399,340.18707297445826
379,286.67894718966215,239.97114307828554,99.8804162324552,340.18707297445826
380,286.7405443777589,240.07145426731833,99.82618478006066,340.18707297445826
381,286.7678130246914,240.21335450929428,99.74077948651421,340.18707297445826
382,286.81940459419707,240.30698369443405,100.03968945917505,340.18707297445826
383,286.6946813565692,240.12256303494166,100.25026318249525,340.18707297445826
384,286.5479653615823,239.82093424591622,100.20999891822821,340.18707297445826
385,286.65275301616026,239.95195242595273,99.77415511062752,340.18707297445826
386,286.63989794827944,240.22376281046684,99.8032206140607,340.18707297445826
387,286.64131480088366,240.06345254373753,100.14444259630814,340.18707297445826
388,286.6069594814408,239.80954820920712,100.16484083867057,340.18707297445826
389,286.7104612058034,240.01027642738393,99.75252345185368,340.18707297445826
390,286.87316501488243,240.48624825678334,99.9723606647492,340.18707297445826
391,286.6370602277131,240.0821868758982,100.23307684822657,340.18707297445826
392,286.4696194901462,239.6450928757976,100.44027719884816,340.18707297445826
393,286.47028350409477,239.87091481479695,99.85120004112889,340.18707297445826
394,286.6825939709141,240.10243046928716,99.60258563446554,340.18707297445826
395,286.7239616695261,240.19384109871598,99.93681935287253,340.18707297445826
396,286.6475407176005,240.03172171587508,100.24346049648392,340.18707297445826
397,286.44814852613683,239.69746043355306,100.52253537117066,340.18707297445826
398,286.4448739075306,239.76093457370646,100.24675122368917,340.18707297445826
399,286.5638785358285,240.02588284717453,99.90297077186887,340.18707297445826
400,286.6443594263529,240.09774956291076,100.12340282522801,340.18707297445826
401,286.47698446154135,239.8601193240913,100.20404492900684,340.18707297445826
402,286.62795171821267,240.01324321774788,99.81042637762543,340.18707297445826
403,286.68991006506855,240.15012405958205,99.888190141978,340.18707297445826
404,286.6479113664562,240.01388058677102,100.20865500221997,340.18707297445826
405,286.6136083549591,239.8465682291227,100.09740845542744,340.18707297445826
406,286.59665234918225,239.90195195112028,99.87576530577262,340.18707297445826
407,286.71050795042305,240.2551854241497,99.84916657763974,340.18707297445826
408,286.7210814853028,240.1419729241819,100.02778452702863,340.18707297445826
409,286.55940182540957,239.9610851999589,100.59806401480093,340.18707297445826
410,286.66861538557447,240.10458153988773,99.74371882586068,340.18707297445826
411,286.5929693890708,240.09345924379087,99.90835356383657,340.18707297445826
412,286.78229179161104,240.08995006067687,99.93984888794277,340.18707297445826
413,286.71455219150715,240.02406766337765,100.33728839321469,340.18707297445826
414,286.7735142294391,240.48705123011396,99.67761358522044,340.18707297445826
415,286.7386729677321,240.26773125414374,100.03859655137269,340.18707297445826
416,286.5736057318048,240.06067444030677,99.97825942467152,340.18707297445826
417,286.68069451400225,240.15026000202477,99.66312548325944,340.18707297445826
418,286.58331843507386,239.9786898938037,100.2040527488276,340.18707297445826
419,286.62673837795893,240.05986926282932,99.9425458684744,340.18707297445826
420,286.70494909562603,240.09232998599887,99.95888006307128,340.18707297445826
421,286.5136141157047,239.85004250367658,100.23691346834612,340.18707297445826
422,286.6151890979633,240.12684562884985,99.8044408018081,340.18707297445826
423,286.7744386934036,240.09606163676244,99.79390938785855,340.18707297445826
424,286.77679302924133,240.26453147322096,99.78719211462503,340.18707297445826
425,286.7252412969602,240.1689422195581,99.96868777233801,340.18707297445826
426,286.6141352994323,239.9678145847995,100.18696738959638,340.18707297445826
427,286.7211673727713,240.07249706674227,99.91140728797781,340.18707297445826
428,286.7983333324644,240.264439779781,99.91184629274312,340.18707297445826
429,286.73779174376233,240.1673764420757,100.16707575704514,340.18707297445826
430,286.65110921382455,240.03611484810344,100.15410907186303,340.18707297445826
431,286.5875683973995,239.85429104256266,100.17055516901064,340.18707297445826
432,286.8790953214487,240.3663278435362,99.68568182946171,340.18707297445826
433,286.8949278536999,240.33524554747942,99.9776996596309,340.18707297445826
434,286.6149802038553,240.07578052820222,100.25395296129788,340.18707297445826
435,286.54831771177015,240.00400879160443,100.09743807542907,340.18707297445826
436,286.5549582381501,239.89133014085465,100.1350107338241,340.18707297445826
437,286.44530194823864,239.75062981436392,100.5815270871875,340.18707297445826
438,286.5896372546054,239.80209045472623,99.7381199037017,340.18707297445826
439,286.4448480681007,239.75615145082384,100.78669583785457,340.18707297445826
440,286.5900437285033,240.12892036917924,99.8930097321442,340.18707297445826
441,286.6785075346874,240.25762985056315,100.22468912275629,340.18707297445826
442,286.58654085954254,239.91254291631432,100.28693308282726,340.18707297445826
443,286.5300180982522,239.91605210059012,100.4376992662428,340.18707297445826
444,286.668571877989,239.90616659606408,99.81231658903243,340.18707297445826
445,286.74830665058386,240.14514433537752,99.93154748573689,340.18707297445826
446,286.65531900257565,239.96068823093216,100.18181253928361,340.18707297445826
447,286.53439146933016,239.98891723232273,100.24179717541269,340.18707297445826
448,286.5192136975118,239.9399427762311,100.20758853051488,340.18707297445826
449,286.4269402431874,239.82057081519815,100.53689013404113,340.18707297445826
450,286.5223543437905,239.87957227780183,99.81741609347993,340.18707297445826
451,286.525094269758,239.969473288372,99.99000971162133,340.18707297445826
452,286.5351435782397,239.8697063111742,100.0988919292027,340.18707297445826
453,286.6197824534549,239.98383580238507,99.9212811637796,340.18707297445826
454,286.65902522464813,240.0788840855126,99.78415832376027,340.18707297445826
455,286.66302705632154,240.13902316795267,99.98313054640563,340.18707297445826
456,286.91341702078074,240.3953776395335,99.53873640886145,340.18707297445826
457,286.7478693717349,240.33471147167904,100.17858364906505,340.18707297445826
458,286.5340692391051,240.01546254750053,100.56414964259618,340.18707297445826
459,286.46484438084684,239.7181762307108,99.84148046553194,340.18707297445826
460,286.4455329583102,239.76675910349616,100.23014991611412,340.18707297445826
461,286.44314885055314,239.81902901918497,99.94309222254992,340.18707297445826
462,286.5970359510675,239.95483121427597,99.854916284157,340.18707297445826
463,286.712611787261,240.0817348352689,100.0210680035014,340.18707297445826
464,286.639852182688,240.30798018104863,100.34453023436375,340.18707297445826
465,286.5735211413659,239.9998705056656,100.3893701030915,340.18707297445826
466,286.3860332972579,239.81393744219233,100.42290737547738,340.18707297445826
467,286.3415541129189,239.56596829318445,100.2721030348909,340.18707297445826
468,286.44622655320813,239.68769994948445,100.33944349978536,340.18707297445826
469,286.39401762750305,239.66006712112014,100.83401814574165,340.18707297445826
470,286.40066388721556,239.64115893708615,100.31620638782431,340.18707297445826
471,286.3551806246527,239.61592321100898,100.42981785106146,340.18707297445826
472,286.43701055119726,239.6265243780202,100.52743953316208,340.18707297445826
473,286.42012023397893,239.55895263804214,100.61701163745511,340.18707297445826
474,286.37614249558686,239.68755035589786,100.20815760061357,340.18707297445826
475,286.4232962938591,239.7876400168633,100.05270723907752,340.18707297445826
476,286.4067712251989,239.58569821797656,100.39685008809734,340.18707297445826
477,286.4422069013622,239.79825750421415,100.50195328671704,340.18707297445826
478,286.5361674117745,239.94913160311253,99.97975342707296,340.18707297445826
479,286.59656642122485,239.88873987893996,100.31133370155102,340.18707297445826
480,286.5622353560409,239.67547883781833,100.02454885785885,340.18707297445826
481,286.5405460364354,240.05906297337833,100.2993678551038,340.18707297445826
482,286.57530508622847,239.89937696427899,99.8226458490206,340.18707297445826
483,286.49817122418136,239.73901032968362,100.24882542804379,340.18707297445826
484,286.5335742049953,239.73442203810453,100.1994646680893,340.18707297445826
485,286.68306412517495,240.14070601124345,99.75895770747785,340.18707297445826
486,286.5711361809079,239.8937568526011,100.83886311824155,340.18707297445826
487,286.5653283326832,239.76307643024703,99.95444662229615,340.18707297445826
488,286.59933538570175,239.91783710645396,100.1060448779745,340.18707297445826
489,286.6315180544328,240.0514354604793,99.87740038181386,340.18707297445826
490,286.58757815285077,239.9851940140576,99.92761653554,340.18707297445826
491,286.56966910174737,239.94506077080268,100.17824153160029,340.18707297445826
492,286.6382335378571,240.17737932240348,99.5977308058749,340.18707297445826
493,286.7100367020434,239.96304359311193,100.08797345743663,340.18707297445826
494,286.68898802611255,239.94587361599807,100.27194731704294,340.18707297445826
495,286.73149346247004,240.16678408716356,99.87184623754547,340.18707297445826
496,286.7286823471141,240.1772094966802,99.75297073278794,340.18707297445826
497,286.71030730274964,240.31662969872193,100.00798235472172,340.18707297445826
498,286.7857896270253,240.25159662619714,99.68393028590617,340.18707297445826
499,286.7472600657397,240.13809926727163,99.99477991646923,340.18707297445826
500,286.72692927900965,240.1677233135225,100.1182272411757,340.18707297445826
501,286.5623442566331,240.03322060781122,100.62748334093477,340.18707297445826
502,286.48541149332146,239.62214152945037,100.38965922590212,340.18707297445826
503,286.5251964963183,239.7320111983228,99.9492245552188,340.18707297445826
504,286.711530686204,240.03751486742803,100.11512189636996,340.18707297445826
505,286.54467303296974,239.73482300824426,100.40359256795703,340.18707297445826
506,286.51282802931877,239.95203731436652,99.82899321597233,340.18707297445826
507,286.6927137367674,240.19242819161457,99.85956082313801,340.18707297445826
508,286.6445040070148,240.02623417443974,100.16757580215118,340.18707297445826
509,286.6941016625424,240.14075834623546,100.09637282719491,340.18707297445826
510,286.55806919275864,239.68344483326484,100.5576015827851,340.18707297445826
511,286.4691981662891,239.78956147388283,100.51410962695242,340.18707297445826
512,286.5013346225075,239.73227052953837,100.14213039423323,340.18707297445826
513,286.69975677809003,240.02218593275563,99.79806068114043,340.18707297445826
514,286.76963153842905,240.1021802478357,99.73145308745563,340.18707297445826
515,286.79958178268845,240.26053033179892,99.83324287734234,340.18707297445826
516,286.8178156858277,240.32440758004213,99.99471193337537,340.18707297445826
517,286.6299118617527,240.16859094568994,100.35618443964212,340.18707297445826
518,286.4332936074836,239.63586818039857,100.56518251497543,340.18707297445826
519,286.59179868073414,239.99437009645476,99.83894739022685,340.18707297445826
520,286.56409849507986,239.855226821235,100.3824580283407,340.18707297445826
521,286.51389667700977,239.86632441464022,100.05058661076102,340.18707297445826
522,286.4976919960175,239.85058099148793,99.9435108563439,340.18707297445826
523,286.62197419805983,239.97640741793933,99.94365962275685,340.18707297445826
524,286.62065103264126,240.0973458051794,100.22006650147041,340.18707297445826
525,286.59986371281394,239.67843749108468,100.26810989324368,340.18707297445826
526,286.58061251408776,240.04869539556105,100.22206061909316,340.18707297445826
527,286.53521906751394,239.88292656913495,100.05500954776774,340.18707297445826
528,286.5944521419974,239.9880010101286,100.00444427349737,340.18707297445826
529,286.46422178220087,239.90876630380646,100.64575739225539,340.18707297445826
530,286.4153090549982,239.73721844968995,100.32799181236817,340.18707297445826
531,286.456921283428,239.68952156604306,100.23292188470612,340.18707297445826
532,286.6238179087219,240.03722370639431,100.25878224199806,340.18707297445826
533,286.5207597383555,239.71323737359702,100.17157950078295,340.18707297445826
534,286.6414269181162,240.02663593630564,99.72426003582093,340.18707297445826
535,286.5650043152073,239.98281417906787,100.36306814058607,340.18707297445826
536,286.58347615891427,239.90812332407924,100.23127033333473,340.18707297445826
537,286.5121822493384,239.82558153177592,100.34882555458898,340.18707297445826
538,286.3933438184884,239.8278229777886,100.51463644529814,340.18707297445826
539,286.46738154963924,239.87994535797296,100.14451594685615,340.18707297445826
540,286.5196345076948,239.89039097924743,99.65187220715738,340.18707297445826
541,286.5036129478258,239.86920016710303,100.14965972849852,340.18707297445826
542,286.47424649919213,239.7582489149132,100.2970059226992,340.18707297445826
543,286.6130683050169,239.82738056906297,100.3589467958166,340.18707297445826
544,286.5641365883137,239.84010615940534,100.19196974729442,340.18707297445826
545,286.52773308513173,239.82376255294187,100.37791855856808,340.18707297445826
546,286.4985910792629,239.8573839602606,100.35233686232937,340.18707297445826
547,286.54044552958743,239.90548198440365,100.22340385810979,340.18707297445826
548,286.60695403031417,240.00020074734093,100.09180558066883,340.18707297445826
549,286.557426868929,239.95364410631223,100.4735050046733,340.18707297445826
550,286.5339305868842,239.62269414090932,100.11701625757325,340.18707297445826
551,286.67118595178306,240.02576104374648,99.91027570803764,340.18707297445826
552,286.71261845830503,239.9789147290794,100.13481044628766,340.18707297445826
553,286.6751949679965,240.12043710210128,100.16868786866002,340.18707297445826
554,286.74127552565807,240.09771746726145,99.57097866850734,340.18707297445826
555,286.876385079629,240.41786504879778,99.8177482311295,340.18707297445826
556,286.73307298301256,240.02812159521338,100.22381233321592,340.18707297445826
557,286.6993570930031,240.21804692244663,99.91349190208666,340.18707297445826
558,286.69215475034474,240.1275214333422,100.0961918938534,340.18707297445826
559,286.49833732295707,239.81999567228115,100.6042726336806,340.18707297445826
560,286.47487961176824,239.67829181400091,100.30388123254384,340.18707297445826
561,286.54506202860813,239.8932710336547,100.17211959451123,340.18707297445826
562,286.4846973465581,239.7343072824491,100.08718674117533,340.18707297445826
563,286.66914818634456,239.99866801115206,99.94180124921861,340.18707297445826
564,286.6352963576275,239.96504409266444,100.28326408597212,340.18707297445826
565,286.61766947646504,239.91555134979225,99.95613573991638,340.18707297445826
566,286.6410969633434,240.08519591759463,100.26910971461149,340.18707297445826
567,286.5954717063645,239.94736208157778,100.31553741585533,340.18707297445826
568,286.4563224780274,239.76647133372012,100.08294995661332,340.18707297445826
569,286.50241300914394,239.9671009230536,100.1485432873943,340.18707297445826
570,286.5810602078742,240.04527543148427,100.09790363518965,340.18707297445826
571,286.50239892683436,239.80051332496205,100.55446622635539,340.18707297445826
572,286.506294828477,239.81278253021716,100.21553376392859,340.18707297445826
573,286.4561033464374,239.47474203882442,100.22670846645133,340.18707297445826
574,286.55247932064157,239.8487528478328,100.44714546894899,340.18707297445826
575,286.51964239322905,239.6884284603386,99.92419310432138,340.18707297445826
576,286.6636554161718,240.14879232927694,100.00553952473867,340.18707297445826
577,286.58329206383775,239.82347342532822,100.33907447330705,340.18707297445826
578,286.52755273409997,239.81888102411355,100.18512902288957,340.18707297445826
579,286.5601460684309,239.82424579482048,100.15661889987604,340.18707297445826
580,286.5440658503603,239.85181611904724,100.1806532153579,340.18707297445826
581,286.4815897257004,239.6948745734193,100.49914890589629,340.18707297445826
582,286.4942460968403,239.7140490117065,100.28923419813246,340.18707297445826
583,286.64909810622737,239.98964512984318,99.98631686714673,340.18707297445826
584,286.6537324563944,239.8907827759658,100.26282577479473,340.18707297445826
585,286.5873132595469,240.06196333706563,100.11309434096027,340.18707297445826
586,286.6266871735318,239.8644253104941,99.92098302738282,340.18707297445826
587,286.66123877532874,240.00253909825753,100.12321454630136,340.18707297445826
588,286.70593270159776,240.21575161674514,99.89127682413915,340.18707297445826
589,286.5617872705186,240.16226948867924,100.30419861148187,340.18707297445826
590,286.365857369372,239.42772798229183,100.53909937072605,340.18707297445826
591,286.5007875020722,239.68886180843887,100.11978520947974,340.18707297445826
592,286.59720959815155,239.73361281810958,100.19291272294934,340.18707297445826
593,286.55321985927486,240.08685475448647,99.95827512883265,340.18707297445826
594,286.53325752523347,239.92206710697215,100.15795596360395,340.18707297445826
595,286.58869399121335,239.8860631520865,99.88794616960801,340.18707297445826
596,286.5534571502055,239.8845652771004,100.37927330523418,340.18707297445826
597,286.6538389743242,240.05704171208393,100.08092812816426,340.18707297445826
598,286.6711601254582,240.08575894868736,99.69565968574183,340.18707297445826
599,286.7454543469847,240.23089210390083,100.30435565379452,340.18707297445826
600,286.50386668595166,239.66493470144624,100.40349438410801,340.18707297445826
601,286.58214494321015,240.0670270352676,100.28674326423105,340.18707297445826
602,286.48190184919775,239.6836359249426,100.10494444836867,340.18707297445826
603,286.4801753142033,239.77882811548443,100.20526604356051,340.18707297445826
604,286.6027738385629,240.13614272092624,99.61008083178285,340.18707297445826
605,286.65596765948925,240.0646172510012,99.73284577350715,340.18707297445826
606,286.69131451412255,240.2256729515535,100.2035757309942,340.18707297445826
607,286.6092965975045,239.90503794355322,100.05819212423098,340.18707297445826
608,286.63405671827394,240.0461897653388,100.02393254394995,340.18707297445826
609,286.62088640148494,240.11403044303367,100.15075524315567,340.18707297445826
610,286.5610540555028,239.98078784052618,100.33624833083418,340.18707297445826
611,286.6378341913192,240.09373969233448,100.11098891706143,340.18707297445826
612,286.431077352759,239.64379828255994,100.47364670267687,340.18707297445826
613,286.49013906870323,239.70534819143919,99.93454126233594,340.18707297445826
614,286.5584793231164,239.9133876276425,99.91437725036876,340.18707297445826
615,286.5983718021899,239.95817218875848,100.33002606577695,340.18707297445826
616,286.50469519507914,239.89651973574777,100.27278830993032,340.18707297445826
617,286.62919203573347,239.9178824787101,100.01355568420138,340.18707297445826
618,286.62023036036,239.8125389724576,100.26867941678698,340.18707297445826
619,286.6589945613562,240.06227090642747,99.84150672922316,340.18707297445826
620,286.8916923928904,240.42480605202852,99.73220378444694,340.18707297445826
621,286.7223524981385,240.16466155491352,100.46197285711901,340.18707297445826
622,286.652921141239,240.08867028620378,99.81096660349878,340.18707297445826
623,286.54137580566027,239.9626741951597,100.54706033288967,340.18707297445826
624,286.51789940490056,239.82271216808502,100.11275042185338,340.18707297445826
625,286.5436580629575,239.83793045134655,99.90849367534564,340.18707297445826
626,286.6233412664572,239.8030199644301,100.34572088129617,340.18707297445826
627,286.6801734881792,239.95969778715735,100.3761550582227,340.18707297445826
628,286.5844653505536,239.96057233502236,100.3868440093949,340.18707297445826
629,286.51858897801196,239.7857550795152,100.61679703460919,340.18707297445826
630,286.3921962972244,239.67832844967438,100.1677060783481,340.18707297445826
631,286.5045819545315,239.73763710714056,100.00291249544595,340.18707297445826
632,286.5076701335558,239.94432033470173,100.40329845266518,340.18707297445826
633,286.5069629362258,239.83954216490278,100.24915326674228,340.18707297445826
634,286.6285997858785,239.80136037225552,100.13567782986337,340.18707297445826
635,286.41131744948615,239.7885198175779,100.48987487172694,340.18707297445826
636,286.510020251119,239.85100732544936,100.01986139904777,340.18707297445826
637,286.5282044575044,239.97486664397286,100.01720751859132,340.18707297445826
638,286.60293730913196,239.9997191481822,100.0437455863364,340.18707297445826
639,286.48620266738124,239.9668099475314,100.27188923353424,340.18707297445826
640,286.48279916388464,239.83697720972063,100.0472854144997,340.18707297445826
641,286.4687193607189,239.9090243220245,99.85109702050515,340.18707297445826
642,286.5721399732964,239.9231976813281,99.75986996678314,340.18707297445826
643,286.6287365720793,240.20115523953405,100.00396483351066,340.18707297445826
644,286.56167136491894,239.99929521404852,100.31683719767369,340.18707297445826
645,286.52259710982275,239.81830753318172,100.13834862700872,340.18707297445826
646,286.4978764610999,239.78701254554184,100.18249371860189,340.18707297445826
647,286.6222492932667,240.10214914099913,100.06787012046824,340.18707297445826
648,286.537751349302,240.0216434453449,100.25264661130554,340.18707297445826
649,286.50828088288796,239.66098438590623,100.31691125466996,340.18707297445826
650,286.51613739555245,239.79139922927843,100.7077994968554,340.18707297445826
651,286.4815463263713,239.78691462789607,100.27673615780452,340.18707297445826
652,286.42634077182,240.00894530474093,100.17740633768334,340.18707297445826
653,286.49938294624013,239.79873651771376,100.07248885822924,340.18707297445826
654,286.37655231355785,239.62322401183621,100.91408203332982,340.18707297445826
655,286.305464933096,239.45445401076623,100.50797234462196,340.18707297445826
656,286.32131179816025,239.4737155992353,100.33165227820075,340.18707297445826
657,286.34504611886865,239.7886535062581,100.2446368470288,340.18707297445826
658,286.4922285654625,239.73627039505573,100.15987011327836,340.18707297445826
659,286.5717093078427,239.8865007463297,100.0742093449494,340.18707297445826
660,286.68689633698074,240.13034083191943,99.74742405743767,340.18707297445826
661,286.8298775394969,240.38378795421093,99.9383749633411,340.18707297445826
662,286.57901898760787,239.97528672532417,100.54019239067041,340.18707297445826
663,286.47814963270423,239.81701929823217,100.00241318503993,340.18707297445826
664,286.4170679760194,239.65432445266163,100.41552365123574,340.18707297445826
665,286.5294936368676,239.9221521193422,100.10053660033157,340.18707297445826
666,286.5165812797755,239.7762244978878,100.29078382884258,340.18707297445826
667,286.60175869590677,239.9644927982271,99.98906349301745,340.18707297445826
668,286.53765932003904,239.95186150786435,100.13118664398343,340.18707297445826
669,286.5131312356367,239.84260799183332,99.97862367347976,340.18707297445826
670,286.74202008470786,240.12130631733575,100.03231997581429,340.18707297445826
671,286.67311125343036,240.02480516927258,100.23433483552651,340.18707297445826
672,286.8154641566213,240.44461660432944,99.68422207384582,340.18707297445826
673,286.6539151600237,240.13095066993495,100.22438916382902,340.18707297445826
674,286.48385830422,239.71734289100542,100.43521070937116,340.18707297445826
675,286.5667241973874,240.02185017740166,99.76830195898515,340.18707297445826
676,286.51565289503196,239.8272530059718,100.0187415550616,340.18707297445826
677,286.49091903063623,239.7527538460582,100.27010879289519,340.18707297445826
678,286.55627487104294,239.93629184584825,100.06946137911814,340.18707297445826
679,286.55357943057845,239.98965111857032,100.37376666846772,340.18707297445826
680,286.6033908079021,240.0359300189913,99.86096921417514,340.18707297445826
681,286.56419884570454,240.05348684418766,100.13122927570511,340.18707297445826
682,286.67213649379704,239.96415196444704,99.9803099762753,340.18707297445826
683,286.6736138982152,240.01159356772098,99.88084317817201,340.18707297445826
684,286.7169464665787,240.17941243830936,100.02238152071374,340.18707297445826
685,286.5726835923451,240.0465964735961,100.26347295994007,340.18707297445826
686,286.49822429108696,239.77649187394,100.05020380559337,340.18707297445826
687,286.72280632421183,240.01683709991357,99.79009255490762,340.18707297445826
688,286.72794146146595,240.14383351737902,99.80445175249206,340.18707297445826
689,286.7526623741712,240.26466684582934,99.87163073492144,340.18707297445826
690,286.61437836617114,240.00125663368166,100.27733782338704,340.18707297445826
691,286.69771872803636,239.9428320683913,100.00812164182624,340.18707297445826
692,286.7373452316291,240.23388962095748,100.1090507904961,340.18707297445826
693,286.5299538877009,239.80836059126523,100.14003910529766,340.18707297445826
694,286.59988943880734,239.94143035067768,99.99058633851628,340.18707297445826
695,286.7475094950934,240.3319899788927,99.42588147683648,340.18707297445826
696,286.73792776425,240.1815508636399,100.38404018577423,340.18707297445826
697,286.67674208233484,240.20049916606047,99.80877339834058,340.18707297445826
698,286.72483017540003,240.23282911058,99.82644649728866,340.18707297445826
699,286.6933037507596,240.0966956097477,100.16034356437918,340.18707297445826
700,286.55620364043676,239.75930127219874,100.25143324740742,340.18707297445826
701,286.65299425939605,240.032081355109,100.28593921191123,340.18707297445826
702,286.62604903115124,240.16068902144718,99.83619029312666,340.18707297445826
703,286.5731737308743,239.9306547128899,100.1908350224608,340.18707297445826
704,286.62226844135694,239.87492791292473,99.9704123638762,340.18707297445826
705,286.61527234036356,240.10701582437176,99.87378262771308,340.18707297445826
706,286.72556939310306,240.06003982489153,99.70039971585321,340.18707297445826
707,286.6967170434446,240.16044754959987,100.04210905045367,340.18707297445826
708,286.8148409674845,240.18844529254622,99.91126658642662,340.18707297445826
709,286.6939235937908,240.0942106228438,100.19125759621589,340.18707297445826
710,286.7299104895772,240.24560323597822,99.80812583695165,340.18707297445826
711,286.6295577393389,240.07919208146464,100.01623372333354,340.18707297445826
712,286.664459163697,240.0295493515648,99.88758352431068,340.18707297445826
713,286.7514993631176,240.20319450037266,99.72523950045176,340.18707297445826
714,286.6614998124122,240.2291807023125,100.24733097967486,340.18707297445826
715,286.53385229661,239.91235266975207,100.22432727647345,340.18707297445826
716,286.66688237156546,240.05931234108004,100.14201692907432,340.18707297445826
717,286.6956665176175,240.0450084912949,99.94728993554212,340.18707297445826
718,286.7146275792466,240.28463674542013,100.0528279507683,340.18707297445826
719,286.60734552263017,240.05095382942395,100.24522675493137,340.18707297445826
720,286.5590119725626,240.12498263925758,100.29939396021548,340.18707297445826
721,286.4739008051775,239.72652062981942,99.99696837019637,340.18707297445826
722,286.61214376158716,240.05107710706656,99.97788853022912,340.18707297445826
723,286.61233341769497,240.0063609849079,100.47987912888254,340.18707297445826
724,286.5066810174062,239.86248481867247,100.3375443975524,340.18707297445826
725,286.57400303471917,239.95849086373877,100.36633746595987,340.18707297445826
726,286.43424233167195,239.7741404909299,100.76027108686878,340.18707297445826
727,286.4069364372811,239.88620933806655,100.06963695903015,340.18707297445826
728,286.6101633981621,239.98229435766632,99.75740669279877,340.18707297445826
729,286.60593384792014,239.83769207058435,100.42124222495444,340.18707297445826
730,286.5705937653484,239.9885492758422,100.13781243734637,340.18707297445826
731,286.7030293777246,239.96027533359714,100.11832751699717,340.18707297445826
732,286.59391591437935,239.82063711573605,100.19297615299337,340.18707297445826
733,286.6008056415216,239.91642466601377,100.28421134790581,340.18707297445826
734,286.54306879180496,239.92842947045543,100.3973232136117,340.18707297445826
735,286.5505661573628,239.8322726167864,100.26167832540348,340.18707297445826
736,286.55079043624136,239.97483961206424,100.17659769771568,340.18707297445826
737,286.56127235959997,239.98026023008848,100.03471924788562,340.18707297445826
738,286.59207440106485,239.86895421114806,99.96756645508196,340.18707297445826
739,286.5124469878962,239.79967784159672,100.27598045580908,340.18707297445826
740,286.5381190802952,239.85508858738726,100.12401743541186,340.18707297445826
741,286.4817066379306,239.73772328204186,100.13478061713435,340.18707297445826
742,286.65197154454813,239.91452186647294,100.17162340689659,340.18707297445826
743,286.6916693702627,240.12227553266834,100.25670565122267,340.18707297445826
744,286.7133155210123,240.06022352171968,100.20829412926012,340.18707297445826
745,286.5036463305909,239.88666204577723,100.95691054723864,340.18707297445826
746,286.34613124876586,239.4764714626925,100.34936099211045,340.18707297445826
747,286.3553789368235,239.63930953246162,100.33032315742933,340.18707297445826
748,286.4028158557612,239.6653278878904,100.33081901810492,340.18707297445826
749,286.4231773013367,239.74274942253638,100.62650090805148,340.18707297445826
750,286.31711781302624,239.57855854762815,100.26546125219211,340.18707297445826
751,286.4204233654778,239.54325195173735,99.96024971775277,340.18707297445826
752,286.57935765354256,239.87228922716045,99.89516717042534,340.18707297445826
753,286.49690108145495,239.87467062442485,100.37241564980717,340.18707297445826
754,286.4491470620022,239.7576247081332,100.27983895715569,340.18707297445826
755,286.44255536963607,239.75798294289848,99.92008095143267,340.18707297445826
756,286.332628442553,239.46332261749237,100.6608725938673,340.18707297445826
757,286.35467521360755,239.43549796891207,100.42345307973613,340.18707297445826
758,286.4293755216543,239.7708343142556,100.209320910975,340.18707297445826
759,286.4520217397915,239.79984122427285,100.64136870472623,340.18707297445826
760,286.23963362731956,239.559169161832,100.37978849698034,340.18707297445826
761,286.3853504383172,239.74707501477351,100.14624900968185,340.18707297445826
762,286.4509146596762,239.843623169462,100.40041627635468,340.18707297445826
763,286.3119141693318,239.6858089114842,100.43985490178274,340.18707297445826
764,286.4438552734911,239.7990021804194,100.03881955043455,340.18707297445826
765,286.5657337892026,240.07298130590902,99.95989359024077,340.18707297445826
766,286.4484475321275,239.7749420751388,100.41693948252778,340.18707297445826
767,286.5390525775947,239.7877306695202,100.12129799893988,340.18707297445826
768,286.44864461672853,239.6891719796274,100.25042113570656,340.18707297445826
769,286.581938500284,239.8671737559491,99.97228369551448,340.18707297445826
770,286.6136392317978,240.15050243527767,100.41787563069055,340.18707297445826
771,286.5456831853492,239.8866786270661,100.0456293744324,340.18707297445826
772,286.63945567733043,239.8984456413818,99.82892162238788,340.18707297445826
773,286.70739635908643,240.09589967245054,100.13882299210265,340.18707297445826
774,286.5781099969626,240.00440162363134,100.46162387688355,340.18707297445826
775,286.5919903352838,239.9835283973538,100.04311036577379,340.18707297445826
776,286.55845095061346,239.79274091137802,100.16981038079405,340.18707297445826
777,286.5815446630367,239.89601410536787,100.21062599817257,340.18707297445826
778,286.56200730569077,239.7548948994313,100.38494708054115,340.18707297445826
779,286.39216281952025,239.6855746229012,100.41034347991159,340.18707297445826
780,286.4886203521042,239.625378232413,100.17130165537156,340.18707297445826
781,286.5157503122815,239.77057484304416,100.12755632668468,340.18707297445826
782,286.5783098535528,239.91088205536178,100.17264013625498,340.18707297445826
783,286.48438290237044,239.73298544686023,100.44455754113336,340.18707297445826
784,286.5837015030507,239.92288212682556,99.75255015904044,340.18707297445826
785,286.73123048257196,240.24478634615937,100.10997444089253,340.18707297445826
786,286.5897351195356,239.93199310849073,100.46707202528795,340.18707297445826
787,286.4426246294696,239.71074378715528,100.37486260389609,340.18707297445826
788,286.3562089470419,239.52501619356568,100.50918770317503,340.18707297445826
789,286.4665959247083,239.6497253895975,100.21781215520646,340.18707297445826
790,286.5141686300113,239.92087154748023,100.24321486922975,340.18707297445826
791,286.49021008423864,239.93589032779448,100.34981245013277,340.18707297445826
792,286.4724813206918,239.92019294401817,100.37226747611378,340.18707297445826
793,286.4964795848412,239.76717819086818,100.07750321320471,340.18707297445826
794,286.50387746118565,239.72097894264743,100.22997997884174,340.18707297445826
795,286.55857382638965,240.10272209390644,100.2808653869954,340.18707297445826
796,286.4391788487076,239.80698031670602,100.61447171496734,340.18707297445826
797,286.4765602273325,239.74033129241423,100.15454939495935,340.18707297445826
798,286.4824674023958,239.89792850314484,99.97569837707287,340.18707297445826
799,286.44075562498523,239.69812253868156,100.24724551634286,340.18707297445826
800,286.48642420478,239.7565391522651,100.15462446680034,340.18707297445826
801,286.3573126627277,239.67014652571035,100.6750876032392,340.18707297445826
802,286.47051177846646,239.64662082882657,99.83674462020095,340.18707297445826
803,286.5490065965034,239.78994043675618,100.19898635234699,340.18707297445826
804,286.5847581418409,240.02284695099328,100.36688942172451,340.18707297445826
805,286.48154809410386,239.67314184322746,100.2425210968156,340.18707297445826
806,286.53496455617613,239.80124182901946,100.31331879260676,340.18707297445826
807,286.64205295856465,240.16904662305475,99.95513364394935,340.18707297445826
808,286.49299650920665,239.70529891651756,100.03953139786711,340.18707297445826
809,286.6619428063664,239.88728749070154,99.73965579106552,340.18707297445826
810,286.82114342760514,240.2175672762637,99.88301178118517,340.18707297445826
811,286.62194277003033,240.0087469922228,100.23327407249833,340.18707297445826
812,286.61337880068265,239.91709017194918,100.1321568867986,340.18707297445826
813,286.58420776212125,239.98414471760577,100.32898959328259,340.18707297445826
814,286.57482183105327,239.85792462895256,100.01058964746791,340.18707297445826
815,286.6105900521441,240.14066754328664,100.29652501969902,340.18707297445826
816,286.70400092269944,239.9645264292465,99.83859311770765,340.18707297445826
817,286.795624148987,240.46824658898413,100.16275724777621,340.18707297445826
818,286.5528182425596,239.83803562143794,100.63368508664325,340.18707297445826
819,286.50809817761547,239.79266452318396,100.09682348711713,340.18707297445826
820,286.51350384014853,239.78653001251504,100.29383438408327,340.18707297445826
821,286.57021778442225,240.07023385653488,99.99992818163174,340.18707297445826
822,286.58151502525715,240.01399727528346,100.03247940811879,340.18707297445826
823,286.608430227646,239.87324728259844,100.22321182352668,340.18707297445826
824,286.7680820620919,240.31771194937517,100.03316434882056,340.18707297445826
825,286.6900421298564,240.049577051935,100.12515356897809,340.18707297445826
826,286.70461273081696,240.23511749782395,99.88808199609964,340.18707297445826
827,286.50184006963104,239.87215548981473,100.47844048986519,340.18707297445826
828,286.44900027202846,239.569786686691,100.4501297408208,340.18707297445826
829,286.6057575668327,239.9369846515068,100.16904625413069,340.18707297445826
830,286.5937280871571,240.0588451506857,100.0466613196632,340.18707297445826
831,286.57191808077476,239.93891758005861,100.20874885115165,340.18707297445826
832,286.59473310150423,239.78963942055665,100.02344115399224,340.18707297445826
833,286.6335190317513,240.1450687215324,100.28306090983115,340.18707297445826
834,286.51175209360224,239.85925688725698,100.03641661187987,340.18707297445826
835,286.60243383279146,239.93657156805875,100.04510557183694,340.18707297445826
836,286.68067188908026,239.9993945704974,100.30637272147435,340.18707297445826
837,286.58039137635,239.92706400271297,100.33628333824414,340.18707297445826
838,286.4681988493855,239.86678352586623,100.64268890549249,340.18707297445826
839,286.4893677366554,239.90345827541884,100.00935714655918,340.18707297445826
840,286.4785860068733,239.924030455473,100.42214281048912,340.18707297445826
841,286.50487567291276,239.89772352881687,100.19782767144672,340.18707297445826
842,286.54549538022303,239.93897642873029,100.0319429781125,340.18707297445826
843,286.49706480817804,239.8600089696869,100.3902234171761,340.18707297445826
844,286.4900625241896,239.7436419004828,100.36498456601551,340.18707297445826
845,286.5227230442285,239.80239526351286,100.2112936761708,340.18707297445826
846,286.5923690661588,239.71245063447688,99.6753861942542,340.18707297445826
847,286.8583595842371,240.4978500521363,99.84702060898864,340.18707297445826
848,286.66921598551727,240.13282316868165,100.40459345406661,340.18707297445826
849,286.47739525470394,239.7981301217775,100.51639052563588,340.18707297445826
850,286.55492513768394,239.8977935949209,100.16024605509018,340.18707297445826
851,286.4743852351077,239.92469662179278,100.09656824819312,340.18707297445826
852,286.5734241638326,239.86335620453704,99.99235180863069,340.18707297445826
853,286.60088782047893,239.87519204746584,100.22540735107856,340.18707297445826
854,286.3699369713295,239.6932431611086,100.84478838792744,340.18707297445826
855,286.5291679435159,239.88078857940442,100.27127484752155,340.18707297445826
856,286.4249572681062,239.67178131681956,100.3781032776365,340.18707297445826
857,286.36708395277293,239.55812199138256,100.5529059758356,340.18707297445826
858,286.43259073219707,239.64030848709373,100.48164688603045,340.18707297445826
859,286.5140990152983,239.93350453903864,99.94795680257762,340.18707297445826
860,286.5803137708628,239.96442067474013,100.34523488852098,340.18707297445826
861,286.464690865193,239.62486919362655,100.42335980223714,340.18707297445826
862,286.50680993039185,239.83259182192714,100.04692204919759,340.18707297445826
863,286.55277986565113,239.88968200216505,99.9476052870806,340.18707297445826
864,286.6957019282828,240.1001661876425,100.13334813854196,340.18707297445826
865,286.720348666103,240.2277606769521,99.97304476324717,340.18707297445826
866,286.41279047506464,239.75819494372092,100.7068022402929,340.18707297445826
867,286.42388120699036,239.55799695126396,100.14059555776703,340.18707297445826
868,286.55773851180055,240.02223387537447,99.8757957121634,340.18707297445826
869,286.4864292258083,239.6791969163171,100.09150682467909,340.18707297445826
870,286.45715913086843,239.78941113500528,100.37324403884647,340.18707297445826
871,286.5233909331046,239.75099382452652,100.21599736301425,340.18707297445826
872,286.5832271841055,239.98160116099663,99.99052151229951,340.18707297445826
873,286.630295865082,239.88739029245505,99.96218305622908,340.18707297445826
874,286.63282733062556,240.0630736934077,100.26341984114754,340.18707297445826
875,286.6044563052301,240.04599970677046,99.88352169244155,340.18707297445826
876,286.73346692935155,240.19308319389015,99.50390207593811,340.18707297445826
877,286.80963538076674,240.18430251066968,99.92961358898962,340.18707297445826
878,286.6791792600001,240.33623077890036,100.05620342800853,340.18707297445826
879,286.5020838222851,239.81677059038967,100.4271013023049,340.18707297445826
880,286.60659326246866,239.85037973097738,100.0897658460607,340.18707297445826
881,286.6106767202694,240.065200515564,99.82907187719228,340.18707297445826
882,286.5698582152332,239.8796277981587,100.32445527952649,340.18707297445826
883,286.505158676094,239.92755828224733,100.19495684589849,340.18707297445826
884,286.58091021882507,239.9190017664255,99.76178207762082,340.18707297445826
885,286.65485259308053,240.12478352795088,99.91422137857747,340.18707297445826
886,286.6841127080634,239.99936165928,100.09816587650486,340.18707297445826
887,286.7492647506178,240.33018334805993,99.9286398732505,340.18707297445826
888,286.53824793634305,239.91274282972813,100.4061591759363,340.18707297445826
889,286.5986070309198,240.05400650571838,100.13986542410898,340.18707297445826
890,286.57648817188675,239.8921495131157,100.06441102732128,340.18707297445826
891,286.5241640073809,239.82696918453374,100.13873580887275,340.18707297445826
892,286.5574332032955,239.8796727265403,100.11522656182372,340.18707297445826
893,286.61744017703063,240.0850647620143,100.01376971228989,340.18707297445826
894,286.5737953057761,239.87833753307393,100.16013885282183,340.18707297445826
895,286.543048328574,239.89803383462208,100.03920612914118,340.18707297445826
896,286.6639491079311,240.038574103086,99.58806106145681,340.18707297445826
897,286.6220110681518,239.9827939388539,100.19115578629588,340.18707297445826
898,286.5813767632371,239.81925447231433,100.39331587594603,340.18707297445826
899,286.61692369346,239.70336353060898,100.12825603624299,340.18707297445826
900,286.54587203235354,240.01850541032948,100.35279317232603,340.18707297445826
901,286.5527761084512,239.84913628545985,100.0880320678035,340.18707297445826
902,286.6372279436917,240.00922715131742,100.22176990272287,340.18707297445826
903,286.56994738550185,239.98114632926544,100.50757767961598,340.18707297445826
904,286.52226943858005,239.88866207622758,100.19646205372881,340.18707297445826
905,286.4509023154587,239.82517810208915,100.32458549285013,340.18707297445826
906,286.4788715900973,239.80217303697282,100.44645593956822,340.18707297445826
907,286.309936315263,239.75995596964938,100.76678077574023,340.18707297445826
908,286.3343132446435,239.4974870696709,100.48936567960317,340.18707297445826
909,286.3455655591643,239.43242427213238,100.37494530425106,340.18707297445826
910,286.4171412715579,239.86925603938775,100.17699132821328,340.18707297445826
911,286.37661323945,239.56862113380419,100.44292705669092,340.18707297445826
912,286.4682993058204,239.61183944069919,100.30072150808508,340.18707297445826
913,286.41056076282314,239.55990078319374,100.43451834245828,340.18707297445826
914,286.38535254236734,239.45898883925247,100.49022995104916,340.18707297445826
915,286.31854625330163,239.4024488027657,100.23104905451788,340.18707297445826
916,286.6266595137286,239.8066560651324,99.8805149823479,340.18707297445826
917,286.62182127015524,239.9544399995663,99.97082200733469,340.18707297445826
918,286.6927253596623,240.18514156002803,100.02623930059065,340.18707297445826
919,286.6462897260615,240.16747277288175,100.24481873527189,340.18707297445826
920,286.5285350405555,239.806018915637,100.14747297156906,340.18707297445826
921,286.5165597686314,239.80818633058925,100.42142760210044,340.18707297445826
922,286.4837819154075,239.9153480193362,100.13500769886593,340.18707297445826
923,286.44573045821716,239.6238423620389,100.42094832061063,340.18707297445826
924,286.3959281343156,239.88665382729474,100.37925784891054,340.18707297445826
925,286.4419815598755,239.65690834511665,99.82738082772687,340.18707297445826
926,286.53194294132027,239.85052241089224,99.9848249611311,340.18707297445826
927,286.37511592163617,239.79977095808795,100.88334190787361,340.18707297445826
928,286.43532101162765,239.71238649783572,100.15212981496798,340.18707297445826
929,286.6643546434672,239.96896147009582,100.18489003036906,340.18707297445826
930,286.5739296238548,239.9421646759827,100.20681606943627,340.18707297445826
931,286.57464198095994,239.99069202413884,100.13467330353895,340.18707297445826
932,286.5300514788997,239.96988224025094,100.6109652887681,340.18707297445826
933,286.37085105845017,239.55582452479973,100.29382031030457,340.18707297445826
934,286.5061036083768,239.7447909621682,100.44591556649152,340.18707297445826
935,286.45799227552874,239.77745517628057,100.40992899121473,340.18707297445826
936,286.4757386577873,239.60727300918154,100.15108221629986,340.18707297445826
937,286.5093045117556,239.9853051455856,100.31194825265031,340.18707297445826
938,286.47527033087374,239.75202443948126,100.5584684388317,340.18707297445826
939,286.46983441872493,239.729480205613,100.2689722012579,340.18707297445826
940,286.45756785574173,239.83354862074626,100.3330469321216,340.18707297445826
941,286.47833398805943,239.73315672656727,100.09252225628046,340.18707297445826
942,286.53590338394395,239.99093933830054,100.18158618127075,340.18707297445826
943,286.37699004572306,239.69279145526718,100.5384761138465,340.18707297445826
944,286.44346457815146,239.69424685844095,100.20001650666747,340.18707297445826
945,286.53706817109946,239.95145725051984,100.20085691759347,340.18707297445826
946,286.45651694603794,239.77185931122423,100.30917977748565,340.18707297445826
947,286.51476373322663,239.83191733222623,99.84955839211706,340.18707297445826
948,286.51270345202806,239.73599854539825,100.35631074324688,340.18707297445826
949,286.5842824226176,239.88042197640797,100.2214462820195,340.18707297445826
950,286.60199649085286,240.00035958412934,100.30017629998726,340.18707297445826
951,286.4490709041398,239.81945160497125,100.46118592701752,340.18707297445826
952,286.5680465254621,239.80233883287733,99.92501256317648,340.18707297445826
953,286.34218087084514,240.01650934785653,100.34778449955819,340.18707297445826
954,286.40123966139976,239.67731776908582,100.30716819785825,340.18707297445826
955,286.39568892923097,239.66150297587444,100.24025440946106,340.18707297445826
956,286.3814236950664,239.50789038772987,100.3963873372878,340.18707297445826
957,286.4099589975022,239.65859347443356,100.53760057446088,340.18707297445826
958,286.45378847648493,239.6473167126919,100.18317056849213,340.18707297445826
959,286.5314987250058,239.949909858532,100.22356759751737,340.18707297445826
960,286.54498380951514,239.7737068769632,100.39345358202901,340.18707297445826
961,286.49140362289774,239.95681655119708,100.0319666220859,340.18707297445826
962,286.55659268692574,239.92609431948082,100.05227949055408,340.18707297445826
963,286.4734587245755,239.68923680989676,100.57746145801578,340.18707297445826
964,286.5195645007138,240.00707193434354,99.96188236627273,340.18707297445826
965,286.47822124720454,239.8339436693309,100.3771670033788,340.18707297445826
966,286.5423080439223,239.75338984145728,100.14279908371593,340.18707297445826
967,286.5229449267038,239.8497575309838,100.51170609265313,340.18707297445826
968,286.57238310699876,239.9510636028358,99.6605280699114,340.18707297445826
969,286.68262578120374,240.10303860530067,100.07319983279598,340.18707297445826
970,286.63611592358586,239.94705318047974,99.84819128028947,340.18707297445826
971,286.7190855528759,240.24976727508567,99.84625026322031,340.18707297445826
972,286.67876300729046,240.05058803566826,100.04190896841997,340.18707297445826
973,286.55188946912676,239.89418266823438,100.26092408791521,340.18707297445826
974,286.4559852214656,239.90275100079353,100.23873334667599,340.18707297445826
975,286.5528669260072,239.76810841971368,99.89895216997165,340.18707297445826
976,286.6838921698213,239.9923917357264,100.1802658355855,340.18707297445826
977,286.50176860624856,239.83734854931802,100.435012851232,340.18707297445826
978,286.6188230858796,239.99927837550703,100.13893285623423,340.18707297445826
979,286.4249470952897,239.60027397964998,100.52726106470273,340.18707297445826
980,286.37175779232416,239.7104224491351,100.44613087834136,340.18707297445826
981,286.45866477852246,239.7064297291141,100.20368094267359,340.18707297445826
982,286.43438306168156,239.76643740386126,100.35357562955932,340.18707297445826
983,286.5386389635483,239.67004219358634,100.21380910305199,340.18707297445826
984,286.4663944277144,239.88166116515632,100.43992414276364,340.18707297445826
985,286.51173721208437,239.9319022531472,100.02053662395032,340.18707297445826
986,286.53093336100807,240.11053043201835,100.22732466252829,340.18707297445826
987,286.38751625431547,239.47285804822639,100.29222323902165,340.18707297445826
988,286.49246737287393,239.87183598427978,100.1361375958816,340.18707297445826
989,286.6017718773741,240.11760223896158,99.98693897189612,340.18707297445826
990,286.4335188087427,239.89206470139524,100.37093424827508,340.18707297445826
991,286.4317541288607,239.94377879868466,100.26036756833838,340.18707297445826
992,286.469751200413,239.66650049464704,100.23210192810507,340.18707297445826
993,286.3938573341032,239.68230887462906,100.63421435656689,340.18707297445826
994,286.4332591994271,239.555481695704,100.50807487959645,340.18707297445826
995,286.4526554461388,239.7608808146257,100.46672617004545,340.18707297445826
996,286.617258980109,239.7483997720697,99.97497360967616,340.18707297445826
997,286.4654725996544,239.68997804759923,100.54755221153614,340.18707297445826
998,286.49408001195707,239.7214810541174,100.12991275146254,340.18707297445826
999,286.5543119247287,239.92428904198525,100.28092485012502,340.18707297445826
1000,,,,
1001,,,,
1002,,,,
1003,,,,
1004,,,,
1005,,,,
1006,,,,
1007,,,,
1008,,,,
1009,,,,
1010,,,,
1011,,,,
1012,,,,
1013,,,,
1014,,,,
1015,,,,
1016,,,,
1017,,,,
1018,,,,
1019,,,,
1020,,,,
1021,,,,
1022,,,,
1023,,,,
1024,,,,
1025,,,,
1026,,,,
1027,,,,
1028,,,,
1029,,,,
1030,,,,
1031,,,,
1032,,,,
1033,,,,
1034,,,,
1035,,,,
1036,,,,
1037,,,,
1038,,,,
1039,,,,
1040,,,,
1041,,,,
1042,,,,
1043,,,,
1044,,,,
1045,,,,
1046,,,,
1047,,,,
1048,,,,
1049,,,,
1050,,,,
1051,,,,
1052,,,,
1053,,,,
1054,,,,
1055,,,,
1056,,,,
1057,,,,
1058,,,,
1059,,,,
1060,,,,
1061,,,,
1062,,,,
1063,,,,
1064,,,,
1065,,,,
1066,,,,
1067,,,,
1068,,,,
1069,,,,
1070,,,,
1071,,,,
1072,,,,
1073,,,,
1074,,,,
1075,,,,
1076,,,,
1077,,,,
1078,,,,
1079,,,,
1080,,,,
1081,,,,
1082,,,,
1083,,,,
1084,,,,
1085,,,,
1086,,,,
1087,,,,
1088,,,,
1089,,,,
1090,,,,
1091,,,,
1092,,,,
1093,,,,
1094,,,,
1095,,,,
1096,,,,
1097,,,,
1098,,,,
1099,,,,
1100,,,,
1101,,,,
1102,,,,
1103,,,,
1104,,,,
1105,,,,
1106,,,,
1107,,,,
1108,,,,
1109,,,,
1110,,,,
1111,,,,
1112,,,,
1113,,,,
1114,,,,
1115,,,,
1116,,,,
1117,,,,
1118,,,,
1119,,,,
1120,,,,
1121,,,,
1122,,,,
1123,,,,
1124,,,,
1125,,,,
1126,,,,
1127,,,,
1128,,,,
1129,,,,
1130,,,,
1131,,,,
1132,,,,
1133,,,,
1134,,,,
1135,,,,
1136,,,,
1137,,,,
1138,,,,
1139,,,,
1140,,,,
1141,,,,
1142,,,,
1143,,,,
1144,,,,
1145,,,,
1146,,,,
1147,,,,
1148,,,,
1149,,,,
1150,,,,
1151,,,,
1152,,,,
1153,,,,
1154,,,,
1155,,,,
1156,,,,
1157,,,,
1158,,,,
1159,,,,
1160,,,,
1161,,,,
1162,,,,
1163,,,,
1164,,,,
1165,,,,
1166,,,,
1167,,,,
1168,,,,
1169,,,,
1170,,,,
1171,,,,
1172,,,,
1173,,,,
1174,,,,
1175,,,,
1176,,,,
1177,,,,
1178,,,,
1179,,,,
1180,,,,
1181,,,,
1182,,,,
1183,,,,
1184,,,,
1185,,,,
1186,,,,
1187,,,,
1188,,,,
1189,,,,
1190,,,,
1191,,,,
1192,,,,
1193,,,,
1194,,,,
1195,,,,
1196,,,,
1197,,,,
1198,,,,
1199,,,,
1200,,,,
1201,,,,
1202,,,,
1203,,,,
1204,,,,
1205,,,,
1206,,,,
1207,,,,
1208,,,,
1209,,,,
1210,,,,
1211,,,,
1212,,,,
1213,,,,
1214,,,,
1215,,,,
1216,,,,
1217,,,,
1218,,,,
1219,,,,
1220,,,,
1221,,,,
1222,,,,
1223,,,,
1224,,,,
1225,,,,
1226,,,,
1227,,,,
1228,,,,
1229,,,,
1230,,,,
1231,,,,
1232,,,,
1233,,,,
1234,,,,
1235,,,,
1236,,,,
1237,,,,
1238,,,,
1239,,,,
1240,,,,
1241,,,,
1242,,,,
1243,,,,
1244,,,,
1245,,,,
1246,,,,
1247,,,,
1248,,,,
1249,,,,
1250,,,,
1251,,,,
1252,,,,
1253,,,,
1254,,,,
1255,,,,
1256,,,,
1257,,,,
1258,,,,
1259,,,,
1260,,,,
1261,,,,
1262,,,,
1263,,,,
1264,,,,
1265,,,,
1266,,,,
1267,,,,
1268,,,,
1269,,,,
1270,,,,
1271,,,,
1272,,,,
1273,,,,
1274,,,,
1275,,,,
1276,,,,
1277,,,,
1278,,,,
1279,,,,
1280,,,,
1281,,,,
1282,,,,
1283,,,,
1284,,,,
1285,,,,
1286,,,,
1287,,,,
1288,,,,
1289,,,,
1290,,,,
1291,,,,
1292,,,,
1293,,,,
1294,,,,
1295,,,,
1296,,,,
1297,,,,
1298,,,,
1299,,,,
1300,,,,
1301,,,,
1302,,,,
1303,,,,
1304,,,,
1305,,,,
1306,,,,
1307,,,,
1308,,,,
1309,,,,
1310,,,,
1311,,,,
1312,,,,
1313,,,,
1314,,,,
1315,,,,
1316,,,,
1317,,,,
1318,,,,
1319,,,,
1320,,,,
1321,,,,
1322,,,,
1323,,,,
1324,,,,
1325,,,,
1326,,,,
1327,,,,
1328,,,,
1329,,,,
1330,,,,
1331,,,,
1332,,,,
1333,,,,
1334,,,,
1335,,,,
1336,,,,
1337,,,,
1338,,,,
1339,,,,
1340,,,,
1341,,,,
1342,,,,
1343,,,,
1344,,,,
1345,,,,
1346,,,,
1347,,,,
1348,,,,
1349,,,,
1350,,,,
1351,,,,
1352,,,,
1353,,,,
1354,,,,
1355,,,,
1356,,,,
1357,,,,
1358,,,,
1359,,,,
1360,,,,
1361,,,,
1362,,,,
1363,,,,
1364,,,,
1365,,,,
1366,,,,
1367,,,,
1368,,,,
1369,,,,
1370,,,,
1371,,,,
1372,,,,
1373,,,,
1374,,,,
1375,,,,
1376,,,,
1377,,,,
1378,,,,
1379,,,,
1380,,,,
1381,,,,
1382,,,,
1383,,,,
1384,,,,
1385,,,,
1386,,,,
1387,,,,
1388,,,,
1389,,,,
1390,,,,
1391,,,,
1392,,,,
1393,,,,
1394,,,,
1395,,,,
1396,,,,
1397,,,,
1398,,,,
1399,,,,
