,tas,rlut,rsut,rsdt
0,285.91254913342294,235.19398034905953,103.18611849031474,340.2257910437491
1,285.86149524894597,235.15496737811588,102.9506928466836,340.2257910437491
2,285.9646221433464,235.31643205837614,103.1005297052164,340.2257910437491
3,285.9066243233536,235.20307770986912,103.29436104126513,340.2257910437491
4,285.8324206321226,235.2378403019214,103.37191954667554,340.2257910437491
5,285.756779286419,234.8275055478118,103.1458830512483,340.2257910437491
6,285.99963716103684,235.1510613426458,103.52569736775466,340.2257910437491
7,285.83862520789404,235.19032637460154,103.33847444448628,340.2257910437491
8,285.87159899028956,234.92635030976876,103.2024530719383,340.2257910437491
9,285.97248897366654,235.0846500215273,103.32477503544494,340.2257910437491
10,286.0804908053664,235.4298202888115,103.08202528244124,340.2257910437491
11,285.95673681912444,235.11404425829107,102.96211636442506,340.2257910437491
12,286.1401997227412,235.4211144674615,103.38878939698436,340.2257910437491
13,286.03366684380126,235.40252848996724,103.32091347897767,340.2257910437491
14,286.0347667484246,235.10112535312626,102.62412969392938,340.2257910437491
15,286.27288588069797,235.29610665010884,103.21884563462528,340.2257910437491
16,286.164976576785,235.57149261858834,103.01273258609534,340.2257910437491
17,286.0668128553887,235.3133653883414,102.84728776206526,340.2257910437491
18,286.21159731159935,235.4110770880222,103.42449510298177,340.2257910437491
19,286.22214818842303,235.3275516814542,103.24086199136418,340.2257910437491
20,286.07909406430366,235.47254532641875,103.09083961869841,340.2257910437491
21,286.04089073571686,235.12835766631153,102.91689464619368,340.2257910437491
22,286.15919704235046,235.37308096124744,103.22933896798042,340.2257910437491
23,286.11079020790794,235.41710191532857,103.00998366741408,340.2257910437491
24,286.10890184921055,235.64343697658353,103.14870856454979,340.2257910437491
25,285.86464876635824,235.0324280686865,103.31462365353634,340.2257910437491
26,285.91982141012465,234.92918770912095,103.24636354353322,340.2257910437491
27,286.0198257592659,235.41644974247052,103.12734941527133,340.2257910437491
28,285.918540250525,235.31613389728122,103.17701463898557,340.2257910437491
29,285.91594593143645,235.0950264140514,103.09136338153331,340.2257910437491
30,285.94546194606204,235.26808833484404,103.12150841981946,340.2257910437491
31,285.9251858293796,235.00613841568565,103.27885369778822,340.2257910437491
32,285.87394036155854,235.25465311881985,103.51267456294188,340.2257910437491
33,285.70390572873924,234.950811096315,102.7616009639088,340.2257910437491
34,286.08438983657385,235.1711114606555,103.4692909674273,340.2257910437491
35,285.94330338113974,235.39347548398436,103.4079968533859,340.2257910437491
36,285.8760186125181,234.86385702432526,102.89132423072789,340.2257910437491
37,286.11500986130073,235.32171680724807,103.3276236353642,340.2257910437491
38,285.9492433051886,235.39990463429658,103.05524850022402,340.2257910437491
39,285.98154075401186,235.04399638621442,103.36196849359762,340.2257910437491
40,286.0206195088738,235.23857738818882,103.25144556202498,340.2257910437491
41,286.0153032599896,235.14235068003757,103.24901793386347,340.2257910437491
42,286.0516054634243,235.3578366669357,103.20859436700168,340.2257910437491
43,285.98267875637526,235.46823703820323,103.00617876689493,340.2257910437491
44,286.0137702462455,235.37693777194144,102.98965667256176,340.2257910437491
45,286.00378666508055,235.30205265404518,103.12898421692923,340.2257910437491
46,285.9469561413309,235.2624877343089,102.84080119773444,340.2257910437491
47,286.0493804218211,235.16316789285602,102.88074825258705,340.2257910437491
48,286.1759377479313,235.39139633377172,103.24235298252557,340.2257910437491
49,286.06107836771173,235.32846940101578,103.14131479555897,340.2257910437491
50,286.17079992339757,235.28050786377432,103.00753695848783,340.2257910437491
51,286.1794639472589,235.55012362849553,103.59319839007213,340.2257910437491
52,285.8659301658465,235.07011148549975,102.7961854654764,340.2257910437491
53,286.06938262372495,235.24916930738462,103.1221943085245,340.2257910437491
54,286.1050306400072,235.52816801494257,103.21162881101797,340.2257910437491
55,285.8838469646118,234.89319987633192,102.65998979079556,340.2257910437491
56,286.11152820813373,234.99713535163332,103.25615696789565,340.2257910437491
57,286.0952280839744,235.42513028804095,103.04551059555058,340.2257910437491
58,286.1090571144354,235.3827180754539,103.16876139915603,340.2257910437491
59,286.1893740276507,235.28657625447238,102.9894868012023,340.2257910437491
60,286.15936443843856,235.58943229541205,103.21972467126552,340.2257910437491
61,285.98991131397196,235.1481615528429,103.15867879451876,340.2257910437491
62,286.1055505500418,235.4067153789912,103.28209496490558,340.2257910437491
63,285.9738042974907,235.35376466987194,103.14639466873554,340.2257910437491
64,285.92572855254105,234.9897332828776,102.93961386427141,340.2257910437491
65,286.138677394793,235.39065272457276,103.41454845781139,340.2257910437491
66,285.96574504079945,234.96594288173458,103.16565088986512,340.2257910437491
67,286.0929698397945,235.2281507322671,103.18346611170587,340.2257910437491
68,286.0537961413034,235.37050209954634,103.21653002597833,340.2257910437491
69,286.0028513341731,235.0222044001057,102.98191037659547,340.2257910437491
70,286.1396117913439,235.4977751737973,103.16079118419805,340.2257910437491
71,286.17829156181284,235.3279223966713,103.14740919990545,340.2257910437491
72,286.07249832469165,235.44744487500066,102.99583842465363,340.2257910437491
73,285.99767065096466,235.33356312409526,102.93455783429344,340.2257910437491
74,286.19216086342806,235.51300657765316,103.40663251854362,340.2257910437491
75,285.9832488750352,235.50647436982285,103.31682988774917,340.2257910437491
76,285.8109545261862,234.8915339069554,103.09634739660221,340.2257910437491
77,286.14996584182927,235.3013854760435,103.32346674024541,340.2257910437491
78,286.0142143942331,235.40564268815152,103.19227291838916,340.2257910437491
79,285.88381111202176,234.982657874178,103.11294232709632,340.2257910437491
80,286.08168961842244,235.3768281690344,103.06194585768291,340.2257910437491
81,286.0274002896894,235.33948148703232,103.11882901307939,340.2257910437491
82,286.00713563985033,235.01778100202125,103.14013133943466,340.2257910437491
83,286.01327269001837,235.21571702001268,103.2438252443727,340.2257910437491
84,285.96679858778225,235.1126037353164,102.94166872466724,340.2257910437491
85,286.08614662963544,235.24132028855604,103.18058233686504,340.2257910437491
86,285.9480161683651,235.39997515937387,103.12924406817933,340.2257910437491
87,285.9623526113191,234.96307792420905,103.16549594216406,340.2257910437491
88,286.0531425559281,235.33392601735235,103.13088257979291,340.2257910437491
89,286.07600063354994,235.58057776023153,103.12790395955413,340.2257910437491
90,286.06607241523415,235.4882977122779,103.07176215286069,340.2257910437491
91,286.0293067835744,235.4290695722215,102.74209687972969,340.2257910437491
92,286.143496311497,235.1422641980289,103.28718976319233,340.2257910437491
93,286.1585641958298,235.44695651252752,103.42046576364574,340.2257910437491
94,285.9785191561146,235.17986846131456,102.90301773097768,340.2257910437491
95,286.1060726847639,235.45916166589703,103.10297926732083,340.2257910437491
96,286.11965709753866,235.2840451102811,103.40494524754634,340.2257910437491
97,285.9902204749109,235.22314365248675,103.2864376065812,340.2257910437491
98,286.06208021620506,235.36896902081864,103.06334424379837,340.2257910437491
99,286.14712646863944,235.4973000100894,103.20967990497553,340.2257910437491
100,286.01124782541314,235.37081438977725,102.83257943378278,340.2257910437491
101,286.0922802551842,235.41979685690225,103.0772558143406,340.2257910437491
102,286.08206715339475,235.52396420754084,102.97629898356949,340.2257910437491
103,285.95838569998017,235.11314654388624,103.16346562429699,340.2257910437491
104,286.17760871820127,235.27026037140453,103.05544453850906,340.2257910437491
105,286.1582728508875,235.47879631816258,103.07177492725008,340.2257910437491
106,286.03582651101647,235.239119124016,103.15824922499509,340.2257910437491
107,286.1444632365642,235.4699685197387,103.16628675569795,340.2257910437491
108,286.06173918315943,235.3295365595309,103.22127590691275,340.2257910437491
109,285.94351790213665,235.15162985694084,102.70072005538873,340.2257910437491
110,286.12384029238825,235.25088446766514,103.07106369443402,340.2257910437491
111,286.07535350149806,235.27575911160463,103.43862278445538,340.2257910437491
112,286.03724980949596,235.1854595556325,102.89275386102366,340.2257910437491
113,286.13028374258084,235.35973151196222,103.49958887559997,340.2257910437491
114,286.0035054932459,235.39179397756217,103.08056935349497,340.2257910437491
115,286.0312026536269,235.09344688855523,103.20640397946907,340.2257910437491
116,286.044528877843,235.2763564432095,103.54692210608347,340.2257910437491
117,285.9166071705224,235.09522795114935,102.75402757115506,340.2257910437491
118,286.1245348343522,235.28256959811003,103.17758392953478,340.2257910437491
119,286.0515012923164,235.1702801866264,103.56772757488591,340.2257910437491
120,285.921823997348,235.11446618197184,102.95298078369842,340.2257910437491
121,286.1188138189126,235.36831580588668,103.13031358396297,340.2257910437491
122,286.0354358052011,235.30540549482785,103.30883097321767,340.2257910437491
123,285.96987188428665,235.25910536984648,103.03901380934194,340.2257910437491
124,286.0472169666896,235.10825517917257,103.13257891669139,340.2257910437491
125,286.02545468500244,235.20125750323749,103.23586285888268,340.2257910437491
126,286.00622383633953,235.07386558957032,103.31512403430686,340.2257910437491
127,286.01906966767507,235.12841144221227,103.44351806747731,340.2257910437491
128,285.99834798858336,235.37701530863774,102.8969289879155,340.2257910437491
129,286.0307856743851,235.18943172849552,103.31956767035014,340.2257910437491
130,285.98425774902444,235.17721028749705,103.31286183783972,340.2257910437491
131,285.92111593667863,235.09402078109824,103.49168304335484,340.2257910437491
132,285.8664395835621,235.07462945158514,103.2115148742886,340.2257910437491
133,285.9971567532199,235.02760928484147,103.32327494790604,340.2257910437491
134,286.0564857220008,235.46347400559583,103.34617495302894,340.2257910437491
135,285.80045368403864,234.79842557969377,102.93300382075007,340.2257910437491
136,286.09317498969875,235.2672173334532,103.21424797386805,340.2257910437491
137,286.02763858723665,235.39058895449932,103.48887427555037,340.2257910437491
138,285.8805028998009,235.12561129480298,102.97657490631813,340.2257910437491
139,286.1164160662129,235.46956858930184,103.05257337103687,340.2257910437491
140,286.0127664327292,235.27670012782247,103.06329386167168,340.2257910437491
141,286.04072742129347,235.1304563529679,102.99161052646338,340.2257910437491
142,286.0767753078337,235.54771311738082,103.6091301988635,340.2257910437491
143,285.8418769406838,235.1878820884533,102.84284099610763,340.2257910437491
144,286.0019846903087,235.01515165015545,103.02380562653188,340.2257910437491
145,286.0734405518605,235.31902830667448,103.47048699148168,340.2257910437491
146,285.8957210788098,234.9242653616798,103.26852724170863,340.2257910437491
147,286.0576345837073,235.35730416502693,103.19393252726843,340.2257910437491
148,285.9675975313999,235.339633859885,103.28551278916171,340.2257910437491
149,285.9411597419017,234.98024130892733,103.27946501578953,340.2257910437491
150,286.03723427013716,235.12417296610838,103.65296642185486,340.2257910437491
151,285.84225849132764,234.82975073377747,103.23075646113689,340.2257910437491
152,286.01336095157507,235.0742814828044,103.23755985515557,340.2257910437491
153,285.98968790328223,235.53427899734046,103.17427458337993,340.2257910437491
154,285.97550444973086,235.17245306276803,103.14787399314793,340.2257910437491
155,286.0457946496148,235.35868561599932,103.1082910515042,340.2257910437491
156,286.05474051910545,235.17827810706316,102.94089503071878,340.2257910437491
157,286.0223173833868,235.5610747115877,103.23758706078401,340.2257910437491
158,285.86264729590664,235.06053039860987,102.61670573085985,340.2257910437491
159,286.15500514016736,235.19324179580983,103.10336016380926,340.2257910437491
160,286.0949117222394,235.47460854768622,103.31053630108563,340.2257910437491
161,286.0262821422502,235.13471211543424,102.91131177346143,340.2257910437491
162,286.24674186027545,235.49111421113514,103.35546756185289,340.2257910437491
163,286.07330884794015,235.36659242187864,103.3838660546719,340.2257910437491
164,285.94785306442265,235.15436360651972,102.96630529719481,340.2257910437491
165,285.98796694449896,235.26034088261952,102.87684810388964,340.2257910437491
166,286.1248844390159,235.4076717896095,102.88332698451147,340.2257910437491
167,286.0734196742677,235.2786672202797,103.34929990774104,340.2257910437491
168,286.01899867630806,235.10058664357044,103.16853791615337,340.2257910437491
169,285.985000791867,235.08296359633516,103.13336809947764,340.2257910437491
170,286.0609331054782,235.31079510230333,103.31191509428437,340.2257910437491
171,286.0159792438272,235.09855783027334,103.35112327500433,340.2257910437491
172,285.9088989583799,235.0655539741086,103.38518097025253,340.2257910437491
173,285.9642481621527,235.27462671462217,103.23820683013354,340.2257910437491
174,285.9343306745997,235.20731394360993,103.11624976437776,340.2257910437491
175,285.9386052148213,235.30090983566365,103.11205929081332,340.2257910437491
176,285.97793846735584,235.2225314585812,103.11887414358485,340.2257910437491
177,285.88963913342997,234.99153108671217,103.24980256719452,340.2257910437491
178,285.8836828897786,235.0234375837122,103.30494974286064,340.2257910437491
179,285.9290622675948,235.31273062455224,103.35691937358222,340.2257910437491
180,285.7916752981554,234.969206567871,102.87600526985153,340.2257910437491
181,286.0500187687232,235.28736378440593,102.98066384693163,340.2257910437491
182,286.15277664203796,235.45661185280142,102.93970059665537,340.2257910437491
183,286.16112776421784,235.54491945774797,102.9442110105338,340.2257910437491
184,286.01309137562845,235.4678403466919,103.09117145828712,340.2257910437491
185,286.06456134968636,235.1617678702619,102.80240404196432,340.2257910437491
186,286.3572766559432,235.47999141163203,103.21272282266843,340.2257910437491
187,286.09683605743686,235.3136021165416,103.73235129271258,340.2257910437491
188,285.8977104674735,234.9030603209924,102.80733360478462,340.2257910437491
189,286.1740409877704,235.18705727549377,103.10579493717013,340.2257910437491
190,286.1318068866194,235.51671791002192,103.1323657159207,340.2257910437491
191,285.99500903325315,235.1432759030204,103.19258621070067,340.2257910437491
192,286.1352174499682,235.48380308227954,102.98307252365748,340.2257910437491
193,286.0112453035999,235.36491989507525,102.83195323576774,340.2257910437491
194,286.0094912405582,235.08059490927857,103.13351609954783,340.2257910437491
195,285.9893281583479,235.47573033675147,102.89833856441255,340.2257910437491
196,285.95504989310206,235.2223204032139,103.1768173933343,340.2257910437491
197,285.9550002433241,235.10966271526812,103.697093971558,340.2257910437491
198,285.7085097188912,234.70531896338562,103.01411315627668,340.2257910437491
199,285.98802887293715,235.04965222134672,103.47577563750048,340.2257910437491
200,285.93264403783576,235.2992731205849,103.39792742648018,340.2257910437491
201,285.94799220117403,234.97874965013406,103.15608552639874,340.2257910437491
202,286.02730555241277,235.28866431503366,103.25294457526304,340.2257910437491
203,285.8542987733893,234.96549801350918,103.14797548965502,340.2257910437491
204,285.9973922405088,235.09035554966556,102.85756076202297,340.2257910437491
205,286.12069624082795,235.305797867554,103.26858657431681,340.2257910437491
206,285.97398774057274,235.25437545870136,103.15961008529234,340.2257910437491
207,285.9882241541117,235.39415706333443,103.18970873672596,340.2257910437491
208,286.0028903913032,235.13884961302017,103.47359696122311,340.2257910437491
209,286.06487037959386,235.54799845827884,102.7801795855084,340.2257910437491
210,286.06378014456567,235.00162789996898,103.09122026476928,340.2257910437491
211,286.1074311261403,235.35117694919177,103.48265036092569,340.2257910437491
212,285.9382382769171,235.08844541333357,102.98187611623227,340.2257910437491
213,285.9953735974431,235.0461250009316,103.33562075988112,340.2257910437491
214,286.0359535532234,235.4797886275211,103.07027621739509,340.2257910437491
215,285.9357814294843,235.32606803958538,103.16854144824616,340.2257910437491
216,285.9727981983436,235.02648649361223,102.97984069324745,340.2257910437491
217,286.0175278720455,235.45779626334607,103.43208950356517,340.2257910437491
218,285.9367345020744,235.07129815844277,102.77421113008172,340.2257910437491
219,286.1009417491961,235.17524016031692,103.12098691680944,340.2257910437491
220,286.0728534669435,235.36124163688012,103.28440661631122,340.2257910437491
221,285.9786228975011,235.30062018208127,103.310788962112,340.2257910437491
222,285.9925651782208,235.03708122732374,103.27511753198523,340.2257910437491
223,285.93592234630336,235.34927827692232,103.2736669294016,340.2257910437491
224,285.91574386396195,235.14132793857257,102.89978119444163,340.2257910437491
225,286.03764797991397,235.0648534447115,103.49956174471676,340.2257910437491
226,285.89425372883005,235.21387171575122,103.33433305439088,340.2257910437491
227,285.8831116462031,235.00502739018233,103.28389454654399,340.2257910437491
228,285.90360084837454,235.15866810739146,103.57323764932677,340.2257910437491
229,285.75534788983276,234.9803490540991,103.1587522345237,340.2257910437491
230,285.75605003150196,234.93721757964093,102.95770574114606,340.2257910437491
231,285.95125258412924,234.95050483159784,103.26351651850369,340.2257910437491
232,286.0465166929093,235.38030820906042,103.25626399761036,340.2257910437491
233,285.8992204096367,235.03829376399165,103.25158836584747,340.2257910437491
234,285.7238559119644,234.83024173665868,103.04371531553231,340.2257910437491
235,285.957394565085,234.80529985610326,103.58308656191714,340.2257910437491
236,285.9093898056703,235.42840026816805,103.13520047260617,340.2257910437491
237,286.0459308685514,235.15709523495468,103.07810369053378,340.2257910437491
238,286.03082870477664,235.29953285509202,103.3879960221298,340.2257910437491
239,286.0646420803686,235.29242134402355,103.28250616450977,340.2257910437491
240,286.0328124073929,235.3235391795854,102.92051555187506,340.2257910437491
241,285.92477844894637,235.33171437601106,103.03669416104997,340.2257910437491
242,285.8578642585774,234.93126664936332,103.11497937226676,340.2257910437491
243,285.9315195505355,235.1053702333052,103.35559972463092,340.2257910437491
244,286.02172723230336,235.35432202333143,103.06491944728673,340.2257910437491
245,285.9961356921177,235.02391013496262,103.32021613284196,340.2257910437491
246,286.03597007951737,235.3061586261068,103.0084293672197,340.2257910437491
247,286.04206695991144,235.23152566807002,103.3999855494311,340.2257910437491
248,285.96559377533265,235.252616603134,103.03847699299543,340.2257910437491
249,285.99378878354213,234.83505895349444,103.44195201421338,340.2257910437491
250,286.1640487005808,235.54986546401423,103.24154164483247,340.2257910437491
251,285.9388576892714,235.00706969673806,102.94805265413682,340.2257910437491
252,286.1052806957522,235.15896927056164,103.11298148539203,340.2257910437491
253,286.06701724596263,235.3050674152306,103.51160920538022,340.2257910437491
254,285.8799163351733,234.99060956515237,103.17756903616772,340.2257910437491
255,285.98173968716145,235.0563271352744,103.14414412275573,340.2257910437491
256,285.93986506979974,235.12249425703257,103.63178566956583,340.2257910437491
257,285.81979209586575,234.82006973856016,102.81060516339238,340.2257910437491
258,286.1803719903856,235.18401355676937,103.26734460865578,340.2257910437491
259,285.98132272225007,235.44017891349407,103.18294150429385,340.2257910437491
260,285.89602518968985,234.79587415025617,103.05529069273268,340.2257910437491
261,286.01947901703414,235.0915891095166,103.54697255603465,340.2257910437491
262,285.98942764126537,235.28841622528014,103.28123672663365,340.2257910437491
263,285.83576644770193,234.8194288767363,103.34375274247368,340.2257910437491
264,285.96140399496227,235.14414297733967,103.40212553153621,340.2257910437491
265,285.96085802985743,235.55452282890653,102.79758341780816,340.2257910437491
266,285.9592295619098,235.05095498106002,103.12043459208896,340.2257910437491
267,285.9749373754184,235.3078159726604,103.15195185714504,340.2257910437491
268,285.9788912839531,235.36967804638095,102.95600418111958,340.2257910437491
269,286.0037039009755,235.15092107925253,102.90040546132225,340.2257910437491
270,286.09549774257556,235.30045855812486,102.98104768962564,340.2257910437491
271,285.89972479964393,235.3281540820336,102.86157605114943,340.2257910437491
272,286.0460641937523,235.10841178105363,103.1306828239316,340.2257910437491
273,285.95984897472823,235.21557885672277,103.72502628357854,340.2257910437491
274,285.9021600947629,235.0843304993929,103.2966626636506,340.2257910437491
275,286.0157575018672,235.20544100006214,103.19200617474928,340.2257910437491
276,286.00367984844087,235.3807541770967,103.40825756108988,340.2257910437491
277,285.90130636200297,235.02894740281647,103.16121703020586,340.2257910437491
278,286.0292712565075,235.32898902660406,103.2150241413767,340.2257910437491
279,285.9732455203097,235.00079454686838,102.94866876027646,340.2257910437491
280,286.0843798852229,235.2284160425543,103.25789205179082,340.2257910437491
281,285.97715288271723,235.25789641567644,103.06166635516212,340.2257910437491
282,286.07930173967753,235.25648685758821,103.06985035200864,340.2257910437491
283,286.1051438621926,235.4715852953352,103.43990346644286,340.2257910437491
284,285.9452588354194,234.99277694253658,103.12617402734004,340.2257910437491
285,286.1588252304951,235.17040326210352,103.48097200769223,340.2257910437491
286,286.10244299005166,235.4906823514751,103.32304667595913,340.2257910437491
287,285.9276827267783,234.92275976548487,102.89797253135687,340.2257910437491
288,286.149050268758,235.31956971441159,103.05662257505406,340.2257910437491
289,286.0653932586495,235.4798520561296,103.24661870481566,340.2257910437491
290,285.88731391689,235.01200976672624,102.78054387464864,340.2257910437491
291,286.2456670573336,235.52630055105269,102.9380357211635,340.2257910437491
292,285.9310627099355,235.3647837201237,103.42940792377117,340.2257910437491
293,285.9574127667331,235.04043557352813,102.87230629245711,340.2257910437491
294,286.161417091044,235.43058339137244,103.13740479808787,340.2257910437491
295,286.04435940952396,235.281419832017,103.00276734687935,340.2257910437491
296,286.03325129578303,235.21842043919204,103.28506954396958,340.2257910437491
297,285.96639712490474,235.23092949145897,103.00131085910846,340.2257910437491
298,285.9751330651855,235.2748213737517,102.99690619695753,340.2257910437491
299,286.04875969141864,235.15955231384928,103.46321663276633,340.2257910437491
300,285.940136366545,235.3131450916906,103.22870250417218,340.2257910437491
301,285.9577423041123,235.14241712844094,103.0749556572437,340.2257910437491
302,286.0981658889594,235.4584680841178,103.16223571749667,340.2257910437491
303,285.9773893130911,235.3114550405584,103.24751572557028,340.2257910437491
304,285.89391025247403,234.92436049010917,102.93556396977668,340.2257910437491
305,286.1849425921623,235.1593551744957,103.41185947600644,340.2257910437491
306,286.04931416224866,235.61014217105017,103.4181425340942,340.2257910437491
307,285.8536674444892,234.94215648645329,102.78332528915418,340.2257910437491
308,286.06884722506294,235.33208786298235,103.30403699104782,340.2257910437491
309,285.93764473410437,235.4566959755682,103.21597744050403,340.2257910437491
310,285.8783156531512,234.92032882689696,103.10824002515874,340.2257910437491
311,286.01459486803526,235.21592625874078,103.18906061968916,340.2257910437491
312,286.081070235739,235.14026082102134,103.21544398805462,340.2257910437491
313,286.05786709545924,235.52278302807917,103.0096154683228,340.2257910437491
314,286.0151812160271,235.21034449146907,103.21113985239252,340.2257910437491
315,286.0487781584017,235.38482131133324,103.1780714161324,340.2257910437491
316,285.89929654099916,235.0918339105675,102.9978246358679,340.2257910437491
317,286.08085245254887,235.23576322676317,102.98808121030082,340.2257910437491
318,286.15329163032925,235.4351925608025,103.4873073452278,340.2257910437491
319,285.9167842711175,234.90125738787614,102.55791362576637,340.2257910437491
320,286.2016592969997,235.08236688985735,103.2834027015835,340.2257910437491
321,286.119356125452,235.21629402914326,103.55464123745509,340.2257910437491
322,285.91939562005734,235.10018230908108,103.42259917081047,340.2257910437491
323,286.00368257653196,235.25839973920347,103.2739678404685,340.2257910437491
324,285.9605092350132,234.89875514175102,103.2022516819498,340.2257910437491
325,286.07633664345025,235.3439954833242,103.35433510517525,340.2257910437491
326,285.8931993534006,235.14445202781133,102.71466025805616,340.2257910437491
327,286.1133937866509,235.10116834957634,103.31039779656432,340.2257910437491
328,286.0068855232908,235.13895010638734,103.4733401388249,340.2257910437491
329,285.9497951248654,235.0148990059079,102.7998536250832,340.2257910437491
330,286.0477858321561,235.41974987986842,102.95997267802365,340.2257910437491
331,286.01399430937005,235.22743442435737,103.19426904155615,340.2257910437491
332,286.0066045642958,235.23947526278258,103.38598361108718,340.2257910437491
333,285.8157084349126,234.91708700247582,103.09528721469754,340.2257910437491
334,286.17352607700235,235.39135168007297,103.13606705202909,340.2257910437491
335,286.04044883708445,235.48390866334685,103.03450692848845,340.2257910437491
336,285.9662580131077,235.07022236798346,103.01102037636349,340.2257910437491
337,286.0096890581675,235.05498736624577,103.23126423098768,340.2257910437491
338,285.9517390569443,235.12965742858054,103.1501519099988,340.2257910437491
339,286.135212944804,235.2510371373476,103.37364710380292,340.2257910437491
340,285.99987435486037,235.47200898148608,103.0249926710756,340.2257910437491
341,285.97420987044944,235.16346819013253,102.9753129887148,340.2257910437491
342,286.04780364183284,235.28620277560708,103.24340930023334,340.2257910437491
343,285.9927938342153,235.36405636424868,103.38810866923556,340.2257910437491
344,285.8968328581688,235.13850037315777,102.74670919419378,340.2257910437491
345,286.09889215081233,235.1621849311549,103.15692285439953,340.2257910437491
346,285.9561504384935,235.22702072503714,103.21696885991499,340.2257910437491
347,285.853827638265,234.88317040871496,103.31789940105557,340.2257910437491
348,286.0752078090706,235.16489174909134,103.23359461345196,340.2257910437491
349,285.8680807554757,235.29976194055527,103.1753496710348,340.2257910437491
350,285.81026476913775,234.9228362012939,102.92277097405652,340.2257910437491
351,286.0250255153001,235.05754160592934,103.11253226715547,340.2257910437491
352,286.04768724440515,235.24557099299886,103.65456952952309,340.2257910437491
353,285.78232938509,235.04578072938446,103.13719612467844,340.2257910437491
354,285.8934318957907,234.8374347760885,103.23301547344136,340.2257910437491
355,285.9599121457117,235.32122260590685,103.56371499457919,340.2257910437491
356,285.91823515210245,234.81577201907416,103.07726880038899,340.2257910437491
357,286.1073438243873,235.49542475469136,103.09554424473339,340.2257910437491
358,286.03887840760666,235.48650204966327,102.61606630246109,340.2257910437491
359,285.958762472636,235.1727974812396,103.1790640623225,340.2257910437491
360,285.98801192569994,235.27354091507956,102.97118626729417,340.2257910437491
361,285.95307311072503,235.04817152241648,102.98736954661369,340.2257910437491
362,286.0218169955548,235.05529777070055,103.47131261820896,340.2257910437491
363,285.97286649442,235.35983149165205,102.76179149125907,340.2257910437491
364,285.9559482795832,234.89911015510594,102.97611504710842,340.2257910437491
365,286.1096217050183,235.23913872113985,103.2690675745907,340.2257910437491
366,286.0805177667031,235.33358717029964,103.08101558090345,340.2257910437491
367,286.03751202547073,235.23709276556932,102.93571974139945,340.2257910437491
368,286.06297008628064,235.33510524658308,102.858555039211,340.2257910437491
369,286.12024904177747,235.4110799423461,103.15438601397982,340.2257910437491
370,286.0661502525436,235.20997845982095,102.97423920750924,340.2257910437491
371,286.12536569980983,235.14614432806908,103.14725058972941,340.2257910437491
372,286.18954954218344,235.28730406302373,103.32616048559048,340.2257910437491
373,285.9561633066723,235.40373790325768,103.19655397202939,340.2257910437491
374,285.9157855213029,234.93419949888235,103.19159986110718,340.2257910437491
375,286.00615624025323,235.165115067551,103.68032342516648,340.2257910437491
376,285.84228948416296,235.275209406551,103.42515274569887,340.2257910437491
377,285.85734297393816,234.8639013000034,102.98276852176924,340.2257910437491
378,286.13655573428196,235.4290273609654,103.14994757027034,340.2257910437491
379,285.9452933133842,235.1771982000847,103.34326762412728,340.2257910437491
380,286.0114904138662,235.26298636262183,103.27315665790992,340.2257910437491
381,285.9082150748021,235.17474661623055,103.09614575259123,340.2257910437491
382,285.90424777608143,234.97585221884898,103.13663604892633,340.2257910437491
383,286.124437477157,235.1666488938964,103.4861177403609,340.2257910437491
384,285.9036185204432,235.23216323756216,103.33084040232556,340.2257910437491
385,285.83770534026894,234.77984054467854,102.72999064399202,340.2257910437491
386,286.10646241755796,235.0467299064342,103.23174193395363,340.2257910437491
387,286.0771646143706,235.3637326475272,103.037385010248,340.2257910437491
388,286.01478116886125,235.04003035170788,103.03676130412435,340.2257910437491
389,286.14640803128464,235.2927352001292,103.21163479777744,340.2257910437491
390,286.0570805576784,235.13145943823278,103.51228569129239,340.2257910437491
391,285.8840814893977,235.18947948876576,103.4494613578564,340.2257910437491
392,285.9065851531979,235.0813031291503,103.41718715675931,340.2257910437491
393,285.88820472591925,235.0429506229298,103.38990990664472,340.2257910437491
394,285.9328455315779,235.26498192346693,102.98145984904488,340.2257910437491
395,285.93738896620874,235.1765514562134,103.1720786760058,340.2257910437491
396,286.00877375613373,235.17988861814297,103.11872830492182,340.2257910437491
397,286.0113963607702,235.4185937352108,103.35575633824817,340.2257910437491
398,285.81699931386066,235.2192787236222,103.10616135835035,340.2257910437491
399,285.8561308754607,235.045399804936,103.36625613130984,340.2257910437491
400,285.88731975304273,235.1363156155633,103.2949441785196,340.2257910437491
401,285.7368977500971,234.6892704333632,103.46052602312898,340.2257910437491
402,285.9063252380345,235.33323387441166,103.20123710346415,340.2257910437491
403,285.82232438184514,235.17869418778005,103.01768102792413,340.2257910437491
404,285.88169988219016,234.96640028984314,103.21623187444618,340.2257910437491
405,285.9216068337895,235.04355125906065,103.36626761478271,340.2257910437491
406,285.8096121487572,234.87825259825465,102.97413051324213,340.2257910437491
407,285.99204039454264,235.19230614097594,103.12093220999286,340.2257910437491
408,285.92436931523747,235.11038575228733,103.22500441082144,340.2257910437491
409,285.944115965535,234.93913817422924,103.09168554955325,340.2257910437491
410,286.0503244981142,235.25632911811365,103.27366256192643,340.2257910437491
411,285.9535842187786,235.28517509140406,102.84619019758672,340.2257910437491
412,286.0901874047874,235.49807165085886,102.98838310795755,340.2257910437491
413,286.0106489444938,235.688114779741,102.70216191179549,340.2257910437491
414,286.0240740981487,235.102183472686,102.80238704340356,340.2257910437491
415,286.1773889777199,235.35372475812053,103.17893014019934,340.2257910437491
416,286.04172812923883,235.55236677543402,103.09439016668978,340.2257910437491
417,286.00330115729486,235.0562181860165,103.07077681329487,340.2257910437491
418,286.1200974914355,235.29164093081326,103.12739849719445,340.2257910437491
419,286.0949416904541,235.54577741486307,102.92533711809513,340.2257910437491
420,286.01015706258164,235.46180143581662,103.13292792957394,340.2257910437491
421,285.97646120765774,235.19290472063463,103.07828944201405,340.2257910437491
422,286.0899221682326,235.39893336659713,103.20700221595115,340.2257910437491
423,285.912996535619,235.2850731128847,103.1098015162707,340.2257910437491
424,286.0906467614251,235.4250929231077,102.84689299510882,340.2257910437491
425,286.0324037493727,235.33673621062405,103.47962326201572,340.2257910437491
426,285.7863407591209,234.92480647894374,102.91923881103833,340.2257910437491
427,286.013721371377,235.33255659852568,103.11880889578119,340.2257910437491
428,285.8913356499241,235.1043161427103,103.11993279700228,340.2257910437491
429,285.8658883872179,234.89459868215476,103.05938178557244,340.2257910437491
430,286.09579059768663,235.44771348391717,103.13497877169264,340.2257910437491
431,285.8623889685537,235.09354480693955,103.37716742377756,340.2257910437491
432,285.870079922164,234.9780765481809,102.84294784622108,340.2257910437491
433,285.9978984480362,235.46079912437378,103.09850494395431,340.2257910437491
434,285.8834357560866,235.04685915857453,102.78621758894651,340.2257910437491
435,286.0613896796813,235.18449794489592,103.27782056918254,340.2257910437491
436,286.1256686541914,235.36185025388454,103.39423104665819,340.2257910437491
437,286.03144030494474,235.4509285193421,103.30299310580733,340.2257910437491
438,285.76925999119123,234.97202047108877,103.10428085664016,340.2257910437491
439,286.00427401274976,235.02761658962174,103.40341424232275,340.2257910437491
440,285.8690639186745,235.22317895113596,103.29013146516212,340.2257910437491
441,285.85109965567364,234.73337110497266,103.09920712219794,340.2257910437491
442,285.9893080482338,235.0199628003994,103.48560928073614,340.2257910437491
443,285.9370839782966,235.32243535995335,103.19039882975495,340.2257910437491
444,285.83500457718156,234.90572755953394,103.07682777102428,340.2257910437491
445,285.97256077002083,235.05730895750625,103.35409376987509,340.2257910437491
446,285.8316503255751,235.14037049624577,103.33619914995533,340.2257910437491
447,285.78830947300656,234.90079319310232,103.20175628785,340.2257910437491
448,285.9558275557869,235.08898936089474,103.14221262796445,340.2257910437491
449,285.9711013610438,235.22495893923212,103.42334615263923,340.2257910437491
450,285.9217703165011,235.19782597999992,102.80799754396962,340.2257910437491
451,286.04745722064473,235.17345820800332,103.30311745960302,340.2257910437491
452,285.96685219078574,235.41271558345167,103.28887900780461,340.2257910437491
453,285.8403995415387,234.7649417716157,102.89469340196734,340.2257910437491
454,286.07852099494335,235.30779537801007,103.17374457298517,340.2257910437491
455,285.96833149138564,235.3759046173809,103.22014607640506,340.2257910437491
456,285.9281884371762,235.1111767958531,103.11974636059131,340.2257910437491
457,285.99975529561334,235.28655426446616,103.19025338325463,340.2257910437491
458,285.8860793668012,235.15107313970847,103.23814895438143,340.2257910437491
459,285.93703394858255,234.97654822305398,103.15989019783795,340.2257910437491
460,285.991663786931,235.2528535287466,103.3261744902066,340.2257910437491
461,285.96701791631307,235.02382790353326,103.0158121225565,340.2257910437491
462,286.07607285043724,235.57806609440513,103.07902320208439,340.2257910437491
463,285.9592662158558,235.1787001217491,103.10128789325198,340.2257910437491
464,286.094693275329,235.4214062128983,103.07863161498896,340.2257910437491
465,286.05804315481424,235.43498149642178,103.24413167561096,340.2257910437491
466,285.8296839205168,235.07579751116194,102.9345252861396,340.2257910437491
467,286.01740334280345,234.99820151765027,103.28238241365345,340.2257910437491
468,285.9943094073876,235.20666421071653,103.603218164459,340.2257910437491
469,285.9712899149346,235.27605139678425,102.841692616116,340.2257910437491
470,285.9932530235798,235.2030231071859,103.0646400657543,340.2257910437491
471,285.8795739001356,235.09128675048666,103.3487486678539,340.2257910437491
472,285.8793527775469,235.02567014137722,103.39186296964056,340.2257910437491
473,285.9256879490467,235.15363476208563,103.58543868745981,340.2257910437491
474,285.7800451318563,234.82390694040953,103.34094735919422,340.2257910437491
475,285.8786031969135,234.89657802545767,103.51194037808104,340.2257910437491
476,285.88796397417036,235.05926552014296,103.48620549944253,340.2257910437491
477,285.80095810067195,234.98767070641193,103.35574628053728,340.2257910437491
478,285.89255141570203,235.16544368429754,103.09649866594721,340.2257910437491
479,285.8256145862289,235.2076856267498,103.01461084975818,340.2257910437491
480,285.9057928110561,235.0289736423755,102.87639757016164,340.2257910437491
481,285.96138105137646,235.1516311829978,103.04536334679212,340.2257910437491
482,285.98725849961414,235.35002596465304,102.71073604499186,340.2257910437491
483,285.96430178674257,235.37922526025184,102.69289020950669,340.2257910437491
484,286.0777695713846,235.16466519782082,102.89620636564648,340.2257910437491
485,286.1827037659179,235.33522168989774,102.78516928930367,340.2257910437491
486,286.22888262000845,235.58845815704797,103.03764882557152,340.2257910437491
487,286.1353640171465,235.38138066167906,102.77707024789203,340.2257910437491
488,286.11056827740776,235.4209347584488,102.93646628504736,340.2257910437491
489,286.04211226778676,235.3430111683942,103.26668412438272,340.2257910437491
490,285.9852938446342,235.07573333910992,102.9605831093524,340.2257910437491
491,286.1166232328817,235.17964315496423,103.04142757787703,340.2257910437491
492,286.07533179686965,235.2843159622653,103.26653639703666,340.2257910437491
493,285.9137787199388,235.01075808548725,103.11330207322243,340.2257910437491
494,286.0425421171424,235.48311031719592,103.02811276065061,340.2257910437491
495,286.07589124539004,235.44660486709392,102.99291828960405,340.2257910437491
496,285.9884197239459,235.55547300086164,102.87397815797864,340.2257910437491
497,285.9477074605117,235.07114374313042,102.82666342968453,340.2257910437491
498,286.0871004097007,235.20072045749563,103.37270268969333,340.2257910437491
499,285.91172001446535,235.37863505860548,103.0755144415899,340.2257910437491
500,285.8646164464655,235.03259257094976,102.75144822470351,340.2257910437491
501,286.05895578799306,235.0899034702245,103.39742210366366,340.2257910437491
502,286.0182181879669,235.22034129330052,103.39257202488716,340.2257910437491
503,285.86558129758595,235.09423812215073,103.29707437627137,340.2257910437491
504,285.909080704051,235.08100588689413,103.34060533809286,340.2257910437491
505,285.85214107026167,235.09374660075443,103.26632220166158,340.2257910437491
506,285.8608031239551,235.15949575544448,103.04470812779537,340.2257910437491
507,285.8628433702081,235.2158720886238,102.90578543713265,340.2257910437491
508,286.01970951016443,235.0558458674532,103.47138549690759,340.2257910437491
509,285.8743969064852,235.0125268532787,103.12815510839086,340.2257910437491
510,285.9159762065108,234.94069844360095,103.25660858570056,340.2257910437491
511,286.03070769987403,235.50138534842526,103.12222723862754,340.2257910437491
512,285.871659034467,235.26724218821346,103.01617737247328,340.2257910437491
513,285.8684614578951,235.0118569755156,103.08350144185086,340.2257910437491
514,285.9854835232747,235.13189904430246,103.38545382257728,340.2257910437491
515,285.8912967350789,235.1130430315358,102.82820662719713,340.2257910437491
516,286.02068237578516,235.07106658312682,103.41281406221424,340.2257910437491
517,285.960532804922,235.11702483179184,103.37686561359526,340.2257910437491
518,285.971202044089,235.27436064867183,103.36689149476923,340.2257910437491
519,285.8501540761163,234.8013088563434,103.4904045698367,340.2257910437491
520,285.94648918548074,235.21507021445532,103.51204594890811,340.2257910437491
521,285.87004621353157,235.1585385622698,102.7033333081032,340.2257910437491
522,286.08718773968775,235.24754772355524,103.04946509115018,340.2257910437491
523,286.0084822898217,235.2801432725428,103.188346229761,340.2257910437491
524,285.8842661880678,235.2883351223763,103.38603109510119,340.2257910437491
525,285.859636229375,234.96814062731394,102.82584351084294,340.2257910437491
526,285.96731299581006,235.09907132027914,103.1337163372205,340.2257910437491
527,285.85151588900743,235.11067823329924,102.9343620849845,340.2257910437491
528,285.9065816162898,235.19012468910697,102.89639300124448,340.2257910437491
529,285.9381720228761,235.07260063979274,103.01799857310505,340.2257910437491
530,286.0339291699997,235.27442016159117,103.09756990689517,340.2257910437491
531,285.9594186768789,235.08183838135287,103.05616205850235,340.2257910437491
532,286.0993162074957,235.17738051827703,103.30862761110696,340.2257910437491
533,286.083902195623,235.52766789290774,102.59144551622393,340.2257910437491
534,286.06323021770976,235.26437417316683,103.0851855599821,340.2257910437491
535,286.0786209293857,235.20663193084133,103.2644549473243,340.2257910437491
536,286.07401364372896,235.53237712692632,103.15887469467248,340.2257910437491
537,286.0367231196097,235.19961591131917,102.83157918131828,340.2257910437491
538,286.1348108672068,235.28543014463335,103.15184632105066,340.2257910437491
539,286.0869818569867,235.48779403039418,103.19704130271622,340.2257910437491
540,285.9235889754512,235.00231634516243,103.05050669540428,340.2257910437491
541,286.1048674955276,235.13607405736093,103.49489497374829,340.2257910437491
542,285.9535074270411,235.28360716126022,103.55310031380583,340.2257910437491
543,285.77047366339156,234.85285530952493,102.83705590685605,340.2257910437491
544,286.02119433163654,235.16151555432975,103.1929503415344,340.2257910437491
545,285.985182624916,235.37796811711038,103.22763436268502,340.2257910437491
546,285.7699372050144,234.9417745767644,102.9480340276408,340.2257910437491
547,285.94306359352356,235.03640323749048,103.34193459903463,340.2257910437491
548,285.95480531057643,235.29707552706046,103.07385942239466,340.2257910437491
549,285.87915649466527,235.1808344666215,102.82742701831017,340.2257910437491
550,285.86712563001805,235.20760555237152,103.35356370360942,340.2257910437491
551,285.8040837000546,234.89817449038063,103.14436772696025,340.2257910437491
552,285.9832198376913,235.1768952173778,103.33914406392996,340.2257910437491
553,285.82668021941873,235.11400884163422,103.23574008748916,340.2257910437491
554,285.82658076569953,234.9304218259828,102.85220835909097,340.2257910437491
555,286.0236750491195,235.1852870248548,102.99104554211937,340.2257910437491
556,286.01660233331654,235.46067342958304,102.91936411706793,340.2257910437491
557,285.9850187763661,234.84140486528884,103.05296404865264,340.2257910437491
558,286.1853529795249,235.362235621683,103.22600230827197,340.2257910437491
559,286.0752447699779,235.5348501226334,103.45480294670098,340.2257910437491
560,285.9155503124317,235.2352612867309,102.7718447643713,340.2257910437491
561,286.00428029430464,235.21322846880264,103.34345324369076,340.2257910437491
562,285.99239541935106,235.19725675958065,103.07458147650162,340.2257910437491
563,286.0455525466314,235.34242878901253,103.20781531523419,340.2257910437491
564,285.93609934329663,235.143278293399,103.05420520536211,340.2257910437491
565,285.89472857511504,235.10039713603305,103.43704853450724,340.2257910437491
566,285.8798764789351,235.08769470560142,103.25448849470924,340.2257910437491
567,285.90599034608346,235.0257507729069,102.91806455184305,340.2257910437491
568,286.02508147087497,235.13832315220552,103.65855274255819,340.2257910437491
569,285.9077200047794,235.2331477707918,103.30054972707863,340.2257910437491
570,285.91871063879654,235.14110824773317,102.73013222788603,340.2257910437491
571,285.9888247429955,235.32317312162945,103.02753572318824,340.2257910437491
572,286.0455335181703,235.50223844655207,102.63821113892304,340.2257910437491
573,285.8852531612263,235.1328158460084,102.99912187401664,340.2257910437491
574,285.91134427820253,235.0083514186973,103.22783586099713,340.2257910437491
575,285.9443603779182,235.18938481699595,103.44217830751535,340.2257910437491
576,285.8358210553641,235.02590297126895,102.926788204076,340.2257910437491
577,285.92729261114397,234.88618542327686,103.15923589007024,340.2257910437491
578,285.98435826278813,235.1794747083667,103.10594066202759,340.2257910437491
579,285.9226845038183,235.20434534900792,102.87944018925687,340.2257910437491
580,285.9992591635502,235.3490761272078,103.30360129319807,340.2257910437491
581,285.90441083992766,235.2429063496562,103.466930802033,340.2257910437491
582,285.893685694318,234.94521841514043,103.16602141500123,340.2257910437491
583,285.9581726799311,235.10349184192614,103.57423171155996,340.2257910437491
584,285.9723474662242,235.09591780698233,102.84673866832696,340.2257910437491
585,285.9661492764851,235.02527269586676,103.08673859096801,340.2257910437491
586,286.019221515505,235.2854288677125,103.33271420109314,340.2257910437491
587,285.9180693268731,235.26722745032188,102.93587248526433,340.2257910437491
588,286.0949247186057,235.26419539760187,103.22690786424359,340.2257910437491
589,285.9609030562736,235.21968142901255,103.85368362997774,340.2257910437491
590,285.7616091327416,234.81783950299575,102.93788970525016,340.2257910437491
591,285.99949140546784,234.88107484944297,103.50666102839828,340.2257910437491
592,285.9774902091738,235.2626355186064,103.21781508453567,340.2257910437491
593,285.9016151553407,234.9871448226561,103.05237136511698,340.2257910437491
594,286.0665643687225,235.33486961092436,103.30836158727419,340.2257910437491
595,285.8148474650831,235.16691539676765,103.24554798311884,340.2257910437491
596,285.85855878312736,234.90667822252124,102.97066199189395,340.2257910437491
597,285.92753740096435,235.0962622747928,103.4081330502708,340.2257910437491
598,285.72767979108886,234.7691990297059,103.21600762570891,340.2257910437491
599,285.80754841490676,234.9021046143429,103.65399507750506,340.2257910437491
600,285.9372734021985,235.1807178145775,103.11727510320826,340.2257910437491
601,285.9563198979423,235.07776544232698,103.36642891187654,340.2257910437491
602,285.9435478906942,235.2882625778358,103.021782334853,340.2257910437491
603,285.85610874063815,234.97392093723502,102.96237436043958,340.2257910437491
604,285.9845025418379,235.22013218584652,103.00310301783419,340.2257910437491
605,286.0233885819435,235.19282645067844,103.42814993214533,340.2257910437491
606,285.8726426488815,235.16891440417066,103.06480861433484,340.2257910437491
607,285.8604558502416,234.91228958172485,103.30027296811973,340.2257910437491
608,285.9589709318701,234.92132619071745,103.37528183834304,340.2257910437491
609,285.9485939781602,235.30194161893527,103.26849964901737,340.2257910437491
610,285.86069242286163,235.0451155236209,102.82119275644656,340.2257910437491
611,285.9064934275758,234.89385075937125,103.35748905097773,340.2257910437491
612,286.10301655323906,235.3017449202348,103.21730875123616,340.2257910437491
613,285.8858092450748,235.1636836821261,103.60707941664431,340.2257910437491
614,285.8303193746577,234.63420120982096,103.16038067806028,340.2257910437491
615,286.03518696325807,234.86935948445281,103.5282043443756,340.2257910437491
616,285.97569215512266,235.11598082884277,103.40664140869846,340.2257910437491
617,285.8530193253993,234.91966487241538,102.83036049191007,340.2257910437491
618,285.9819425376767,234.93283761609857,103.52836858532669,340.2257910437491
619,286.0362809561311,235.46353121219943,102.8641429505361,340.2257910437491
620,285.91676290910704,235.08815371819023,103.25873874481051,340.2257910437491
621,285.94173207730563,235.2903655031589,103.1579102851454,340.2257910437491
622,285.8300392874732,235.11107885592136,103.02347663419353,340.2257910437491
623,286.0388089365434,235.2189613021682,103.48837089269846,340.2257910437491
624,285.8773869809008,235.23881300751202,103.76420340838548,340.2257910437491
625,285.7516688848072,234.64295497347675,103.22320008755712,340.2257910437491
626,285.89618440143187,234.9902007312102,103.35975414514155,340.2257910437491
627,286.05057575891556,235.23986993929586,102.96158784219672,340.2257910437491
628,286.0565467973701,235.39102261200082,103.26273136653577,340.2257910437491
629,285.8177491800647,235.12009763530034,103.293073735218,340.2257910437491
630,285.9160901749485,234.97780312285317,103.1420728693361,340.2257910437491
631,285.96176364351817,235.12840123964176,103.42652608530206,340.2257910437491
632,285.8881777098739,235.24981348679364,103.05770283299681,340.2257910437491
633,285.86702376237906,234.83458802506073,103.40083241031111,340.2257910437491
634,285.8744503484025,235.17111166299927,103.29211591195794,340.2257910437491
635,285.83838594035205,235.08453960049658,103.17014235911894,340.2257910437491
636,285.8266336097483,235.00705338541675,103.43753157774837,340.2257910437491
637,285.8125746615447,235.0789831422003,102.75067460207858,340.2257910437491
638,285.9189398729281,234.98461976878488,103.08271781591607,340.2257910437491
639,285.88414305317514,235.05123850553176,103.52957015867253,340.2257910437491
640,285.92318060140354,235.11306872962993,103.12737015049181,340.2257910437491
641,285.92290400975713,235.14748730534612,103.31221326559368,340.2257910437491
642,285.7684112452648,235.24148236100993,102.79655778799598,340.2257910437491
643,285.82099976542435,234.91979121388476,103.25336359891422,340.2257910437491
644,285.8468252075789,235.0700439275512,103.44181764436217,340.2257910437491
645,285.7318579103104,234.6623884463052,102.97394160882169,340.2257910437491
646,286.0328060758012,235.26887466434167,103.15048076949928,340.2257910437491
647,285.932414202795,235.15899407308947,103.29815897695937,340.2257910437491
648,285.7783912336765,234.96502937662112,103.27357244324337,340.2257910437491
649,285.971880069129,235.09659633490378,103.15004671839962,340.2257910437491
650,285.9498283217602,235.11452116941302,103.29585698695318,340.2257910437491
651,285.87481805361597,235.27520252901866,103.11864462825469,340.2257910437491
652,285.8235054631585,235.04624299593146,103.24495000160721,340.2257910437491
653,285.7962435302316,234.9090545368814,102.91430158134163,340.2257910437491
654,285.93695566502134,235.14735963106628,103.04087687321385,340.2257910437491
655,285.9159919481236,235.082243742192,103.25666961496341,340.2257910437491
656,285.83269594923223,234.95183720259215,102.71023949233866,340.2257910437491
657,286.08268212845377,235.15634787512963,102.97895921448843,340.2257910437491
658,286.1386400584349,235.606565151,102.99386566895713,340.2257910437491
659,285.95735854235903,235.00523159719228,102.83224315719481,340.2257910437491
660,286.0890627743583,235.27976753236024,103.06964721123644,340.2257910437491
661,286.0056695116289,235.2585353726415,103.22416385617719,340.2257910437491
662,285.8627221564826,235.07234369581818,102.62229353464981,340.2257910437491
663,286.07841867903204,235.34818257991182,103.06411076749954,340.2257910437491
664,286.02767686722353,235.27118196787112,102.92515567989322,340.2257910437491
665,286.14211083723063,235.18240863942614,103.04518221779102,340.2257910437491
666,286.1210972291174,235.51215547588092,102.94578219082926,340.2257910437491
667,285.973384216173,235.18153563441638,102.94327441132903,340.2257910437491
668,286.0664945143972,235.08343577844144,103.3074736969913,340.2257910437491
669,286.0789496768779,235.26427177080328,103.75225652341312,340.2257910437491
670,285.97323665104454,235.18095133453275,103.4457585036153,340.2257910437491
671,285.74761360374424,234.81455062737692,103.25574991149631,340.2257910437491
672,285.878089596282,235.11075510047564,102.88309922216757,340.2257910437491
673,285.9884963770495,234.9852175436582,103.58764066665331,340.2257910437491
674,285.86974485777984,235.22354163901775,103.23692733163017,340.2257910437491
675,285.98503161810555,235.29268462747154,103.13542831244648,340.2257910437491
676,285.9765169207805,235.2366913502162,103.00599140240165,340.2257910437491
677,285.9316371510244,235.23845312198515,103.32265160357296,340.2257910437491
678,285.8444926268614,235.1458134715374,103.26953773636717,340.2257910437491
679,285.87759438625216,234.7901516732115,103.0498839979133,340.2257910437491
680,285.97948733350614,234.9852436715191,103.27577603745533,340.2257910437491
681,285.99288350203824,235.16080277222224,103.20809441972715,340.2257910437491
682,286.0010721790613,234.9498719412201,102.77334283719033,340.2257910437491
683,286.11221243552046,235.3799600333808,103.28839550447162,340.2257910437491
684,285.8944468720001,235.0281130738858,102.88314118487722,340.2257910437491
685,285.99959159720396,235.0517951771155,103.48145320597992,340.2257910437491
686,286.02404926031943,235.48372207841967,102.94895604850228,340.2257910437491
687,286.0768003571529,235.33558727200355,102.99816104455753,340.2257910437491
688,285.92980159497057,235.16047246573677,103.60219113931612,340.2257910437491
689,285.86116351258516,234.8163271484444,103.07381443953697,340.2257910437491
690,286.0578883703422,235.46852208418127,103.21943974100388,340.2257910437491
691,285.84218270628827,235.21569248963968,103.26819283338945,340.2257910437491
692,285.84684698114864,234.94788572222896,103.14298567593467,340.2257910437491
693,286.0104893753384,235.37371482472602,103.19197584814738,340.2257910437491
694,285.8292883046102,235.09065542622224,103.17186194339065,340.2257910437491
695,285.8047459639227,235.106990388495,103.19134965460485,340.2257910437491
696,285.9254908451665,235.1679891457321,103.37146182847285,340.2257910437491
697,285.7811052815211,235.1925690808247,103.46681986577387,340.2257910437491
698,285.71180768958675,234.88807679647525,102.84229669464311,340.2257910437491
699,285.9176910253197,235.04569559844379,103.52001661645791,340.2257910437491
