,tas,rlut,rsut,rsdt
0,288.01974588155736,239.50902073555946,99.27080442461916,340.33009388718256
1,287.9817977843971,239.29982864442127,99.34126322423646,340.26553145794804
2,287.9754751489547,239.37564929335326,99.00875196341595,340.23846807862725
3,287.9854225817373,239.30968185215067,99.3561899982228,340.2307060651585
4,288.0428049899346,239.31982687491134,98.77457213852851,340.2294786196926
5,288.11261643091757,239.37483135179548,98.7872817622813,340.24750958547236
6,288.23635959205177,239.7914112062427,98.61112858450831,340.3107646744882
7,288.3075542267283,239.85279724911254,98.04680820669728,340.3883118041661
8,288.33238274287953,239.86333809088467,98.78426037034876,340.43239275192667
9,288.39358809521235,240.1666198485149,98.40013524799588,340.4586784128992
10,288.2120029576275,239.74512361552527,98.68655631182612,340.40776365747274
11,288.24610638489366,239.75878038466976,98.31886857669502,340.3585378543466
12,288.2875015175932,239.71861986049223,98.46842318453498,340.30848285494363
13,288.2384090536686,239.62615543603633,98.79271286343267,340.29680172844604
14,288.3724344103833,239.9124677712382,98.43843163941092,340.2558349701364
15,288.2699026808647,239.9137871419389,98.96608400948173,340.237766273807
16,,,,
17,,,,
18,,,,
19,,,,
20,,,,
21,,,,
22,,,,
23,,,,
24,,,,
25,,,,
26,,,,
27,,,,
28,,,,
29,,,,
30,,,,
31,,,,
32,,,,
33,,,,
34,,,,
35,,,,
36,,,,
37,,,,
38,,,,
39,,,,
40,,,,
41,,,,
42,,,,
43,,,,
44,,,,
45,,,,
46,,,,
47,,,,
48,,,,
49,,,,
50,,,,
51,,,,
52,,,,
53,,,,
54,,,,
55,,,,
56,,,,
57,,,,
58,,,,
59,,,,
60,,,,
61,,,,
62,,,,
63,,,,
64,,,,
65,,,,
66,,,,
67,,,,
68,,,,
69,,,,
70,,,,
71,,,,
72,,,,
73,,,,
74,,,,
75,,,,
76,,,,
77,,,,
78,,,,
79,,,,
80,,,,
81,,,,
82,,,,
83,,,,
84,,,,
85,,,,
