Year	tas_diff
0	-0.01987826502336542
1	0.04076503816310354
2	-0.03344515989410723
3	0.10495636894969138
4	0.034634371287913114
5	-0.1521814162215165
6	-0.07374461330929608
7	0.18684939693794436
8	0.3769028773778856
9	0.1187894539022991
10	-0.1552815456223765
11	-0.03738100673197725
12	-0.08881843476061774
13	-0.10548747920534395
14	-0.35121699285421537
15	-0.20107404522267797
16	0.09084282701975553
17	-0.0783307057577454
18	-0.11735333908488237
19	0.14158839311898316
20	0.15997235196895035
21	0.048121271975510305
22	-0.05373815187983988
23	-0.010977912634547851
24	0.1663457925651253
25	0.05326161975444696
26	-0.11655157281416047
27	0.1496039028271146
28	0.09593145368266617
29	0.18869114951882776
30	-0.049906049870368674
31	-0.04377854620825539
32	0.029504733390195867
33	-0.08115156616984434
34	-0.03299966648210481
35	-0.3037055777910112
36	-0.15686845699748675
37	0.06800247252612553
38	-0.013506438873006843
39	0.15687810715438344
40	0.045686865251639966
41	0.022093898606727117
42	0.18397882446156116
43	0.004915538700141588
44	0.10216644958410699
45	0.07591642231775961
46	-0.13838179471472078
47	-0.24807360744407686
48	-0.09398062565873537
49	0.07520719030788045
50	-0.022263258135942876
51	0.10277632294547615
52	-0.0339261750706113
53	0.015963874906926946
54	0.012601544020077342
55	-0.06739817524818739
56	-0.09149045634194428
57	-0.0932933579773586
58	-0.1465897353061324
59	0.009740131220682263
60	0.14533999213757753
61	0.1339410936513636
62	0.10375531273514832
63	0.12247770729053511
64	-0.2595400655905335
65	-0.3107307581537545
66	-0.05731192481681985
67	-0.040611739983458905
68	-0.18848307229249003
69	0.002668377154583901
70	0.029238970985172585
71	-0.13643241457294308
72	0.09407595819056674
73	0.06440135925505569
74	-0.17987180791985852
75	-0.11095281935879586
76	-0.10895620544232343
77	0.17943531678685476
78	-0.031020379034892465
79	-0.12127715715848628
80	0.0805225675272736
81	-0.07357923127246652
82	-0.09122613654260059
83	0.10375435623752588
84	0.0669025366219812
85	-0.08652083771347263
86	-0.02903078814359611
87	0.007632776025863042
88	-0.11300387513510429
89	-0.1361575348811077
90	-0.083667613845812
91	-0.11216851931477778
92	-0.2512856138791974
93	-0.06035141250563375
94	-0.07722146283689807
95	-0.23155345965372987
96	-0.3775678359583054
97	-0.13820218931010325
98	-0.1579763651180377
99	-0.18995672709775802
100	-0.12596443576671768
101	-0.15910404088824376
102	-0.36549450737463046
103	-0.2790057614081868
104	-0.10336385231683837
105	-0.2705785674161158
106	-0.08144897239882604
107	-0.04563855095005176
108	-0.08146113699780999
109	0.1366770321264104
110	-0.12341351010685303
111	0.036534736795893585
112	0.022021548606168173
113	-0.06385466196903689
114	-0.1870555029065447
115	-0.4268082138458118
116	-0.23081057239784208
117	-0.40712179222268696
118	-0.36936412507792127
119	-0.41761254435804096
120	-0.15273739124042912
121	0.035370624121212724
122	-0.19015353206686048
123	-0.2740212250001999
124	-0.035762379853313486
125	-0.09385677140521975
126	0.11265706039033174
127	0.13108023000563074
128	0.011831184442284814
129	-0.1519000246018254
130	-0.09487375488738248
131	-0.06028085463842514
132	0.0319319236166572
133	0.12589777496422316
134	0.1261461095876127
135	0.04166090439167491
136	0.030840276523710353
137	0.16035773398778985
138	0.1432487236536396
139	-0.16085088573207318
140	-0.17269203571743197
141	-0.1725877460683215
142	-0.009194934201094351
143	0.02078264809741004
144	0.0030009570853235523
145	0.10303812989998296
146	0.07155632124326594
147	0.16246966995845524
148	0.23058772722836962
149	0.15820402040456782
150	0.16661352583211553
151	-0.10427117616680581
152	-0.04334487864751835
153	-0.028029611923648723
154	-0.10648700623597362
155	0.1776413473964784
156	0.2657081958180745
157	0.40543619223686567
158	0.44843592777034935
159	0.13111220028785397
160	0.479775054051232
161	0.21313667990834606
162	0.20055280998660407
163	0.2672874316972891
164	0.17487403520298406
165	0.3290294666596911
166	0.36952385176552616
167	0.4145992981096065
168	0.5621297004787504
169	0.4774707135104892
170	0.3504105073000867
171	0.4511008596291344
172	0.34685940294572326
173	0.33115797739966
174	0.21465029262989166
175	0.36112908349675354
176	0.44662302245213414
177	0.3868509284399171
178	0.3916180245715599
179	0.35619214848943037
180	0.2229400585896708
181	0.11312006161201182
182	0.10583644148215665
183	0.06188960595666737
184	0.3835282327345113
185	0.18725712652834625
186	0.29228175317022176
187	0.39646780053951636
188	0.3525259041936484
189	0.4438231462228308
190	0.1301261042797872
191	0.007974994385234968
192	0.21212758869526427
193	-0.00948559589145237
194	-0.055320880271462425
195	0.37180068072699424
196	0.3068228387277765
197	0.22593529995841166
198	0.30351736393613393
199	0.20949076243503617
200	0.15292208454777434
201	0.34722046275023066
202	0.3799677943049158
203	0.2459030944451519
204	0.19022301302752798
205	0.4704466963104865
206	0.33623136938228493
207	0.11752270837328638
208	0.14285714921425807
209	0.12324810084747329
210	0.3296585724504335
211	0.0869442357279655
212	0.2928431385337875
213	0.2625488775400191
214	0.19390095072076363
215	0.4540466383012749
216	0.5388016187158802
217	0.2772730068933127
218	0.44250683554658465
219	0.46869034675359167
220	0.5040007886943378
221	0.5295313907786836
222	0.21823309712588213
223	0.14097907113438524
224	-0.13884489268998657
225	0.11226547390671193
226	0.5185759799622254
227	0.22871942365859077
228	0.4190365739029458
229	0.38877162862702086
230	0.26684705363110606
231	0.3367650807268685
232	0.29857670205330056
233	0.5090059925871557
234	0.3231893017232501
235	0.3760756100068745
236	0.3189809597088722
237	0.21694090942889233
238	0.43911119501216955
239	0.3553493033946413
240	0.3679266651554691
241	0.2450669177396536
242	0.10943279922730031
243	0.35720591977659666
244	0.373733619473434
245	0.35303041278455183
246	0.18107091727542457
247	0.15481346900679327
248	0.3462567042921805
249	0.47140959087527357
250	0.17789557083270324
