Year	ERF
1850	0.07766654598967966
1851	0.4704703529650794
1852	-0.15774170146951513
1853	0.09379770812733766
1854	0.3483237913737458
1855	-0.08534584373667513
1856	0.45012311967992724
1857	-0.190314214568755
1858	0.05791232977219547
1859	0.46933514796628883
1860	0.4162767461849731
1861	-0.1501025753561169
1862	-0.6009043147305811
1863	0.5148110276977061
1864	0.39337145033359355
1865	0.2926333913238003
1866	0.3552401961263878
1867	-0.17303287737618067
1868	-0.1376621652661383
1869	0.27730567776851517
1870	0.4687622353198711
1871	0.12813927952831583
1872	0.6661612040066482
1873	-0.059925572968375335
1874	0.23166605096106188
1875	0.0843590037655016
1876	0.468891768790917
1877	-0.10965355882087838
1878	-0.060305182967860554
1879	0.13809438330636578
1880	0.12655693267469043
1881	-0.056622822721220774
1882	-0.21323745400839833
1883	-0.39663575754664904
1884	-1.4054961077657149
1885	-0.35269385447507323
1886	0.034040795138189
1887	-0.591509555090536
1888	0.5418074865066731
1889	0.05807907845164567
1890	0.21724015988812878
1891	-0.105911547046199
1892	0.33498077769621626
1893	-0.19548306133358567
1894	0.7765968474983544
1895	0.0974088412522677
1896	0.11422596716917131
1897	0.46947712151066295
1898	0.27946981502136237
1899	0.44061417689535765
1900	-0.0894561718879274
1901	0.25305285152461665
1902	0.4684205093122333
1903	-0.7514752684289219
1904	-0.38892605494942006
1905	0.16706977374060844
1906	0.14038238972947195
1907	0.5787616341578823
1908	0.5523239215978182
1909	0.3836351495230844
1910	0.4460112100014657
1911	0.30036056334203065
1912	-0.10313632365895574
1913	-0.5073091619218701
1914	0.09402433861059764
1915	0.7173946052391664
1916	0.1925161209684314
1917	0.0698076628445069
1918	0.2482595646763066
1919	0.26047476610487996
1920	0.6862176391822529
1921	0.35131896075123203
1922	-0.3985565832251248
1923	0.35170129238088416
1924	0.5328287146795427
1925	-0.19613469951731252
1926	0.6705304729651214
1927	0.09183302262473869
1928	0.7877851845259399
1929	0.5408157484155467
1930	-0.06222349612034768
1931	0.3191196612361748
1932	0.9131672133374361
1933	0.6129518946346451
1934	0.12845456138366637
1935	0.594017067490325
1936	0.9524312373890503
1937	0.9894845051464596
1938	0.18024411570002946
1939	0.8003156842459846
1940	0.3241863606369856
1941	1.1962426161595667
1942	0.5175007516468326
1943	0.3858346729102801
1944	0.5430956497351018
1945	0.997395801999933
1946	0.6510395049375219
1947	0.4701205714632481
1948	0.8930884269639243
1949	0.19267332869783782
1950	0.8264871586120841
1951	0.8688946599099154
1952	0.47518865665896126
1953	-0.005544318592527742
1954	0.595291668032293
1955	0.7403416251053108
1956	0.6394733914919115
1957	0.9519596042941207
1958	0.07888795588489894
1959	0.8948486652133929
1960	0.9206114887879555
1961	0.8130739044528964
1962	0.22202911153490967
1963	-0.3079947288751961
1964	0.22060609598401965
1965	-0.13298907816259414
1966	1.167136853658901
1967	0.017260589759064415
1968	0.9519712981978008
1969	-0.01722417082910277
1970	0.5704523230365777
1971	0.6030461649257008
1972	0.731239000753578
1973	0.35755913800679884
1974	0.1777996181609316
1975	1.079969827670468
1976	0.7538139482857688
1977	0.7808019259862474
1978	0.948346064508445
1979	0.8302163765265302
1980	1.1555132736876152
1981	0.549556704586227
1982	0.2699911444252849
1983	0.7557131062157655
1984	0.5332542551830323
1985	0.7547964814238435
1986	1.9065765663127687
1987	1.2350049813932202
1988	1.7353935584559734
1989	0.6391911948706833
1990	0.7104458395439261
1991	1.3418713081148304
1992	-0.2507726147130819
1993	0.8078588588321071
1994	1.0524969459243416
1995	1.345810106193122
1996	1.5633513542145505
1997	1.1320868615709754
1998	1.4914036365623038
1999	1.5660115095212626
2000	1.439188961584523
2001	1.0430537489501335
2002	1.477674597900499
2003	1.3507422172841625
2004	1.868319450801881
2005	1.4550852069265523
2006	1.122584013738799
2007	1.1274421653605216
2008	2.531213521062244
2009	2.031364543320386
2010	0.881706476159893
2011	1.8797847152137888
2012	1.8119158289315291
2013	1.87256582538606
2014	1.9648186086085162
2015	2.1534885241898505
2016	2.625980693585027
2017	1.8843512223197503
2018	1.4193333661282936
2019	2.2507810067565885
2020	2.546016763029411
2021	1.9475794175194163
2022	2.406601150269601
2023	2.396023064755746
2024	2.6297979988940487
2025	2.584723560714627
2026	1.9341007592270285
2027	3.053895821017512
2028	2.6228021494247162
2029	2.3900440179077123
2030	2.0500617558545278
2031	2.600600634472394
2032	3.0540171055376275
2033	2.630695149226432
2034	3.2499256179369755
2035	3.182677463933091
2036	2.543760080432583
2037	3.23404796075475
2038	2.8067911518975137
2039	2.9178085135271545
2040	3.2391316099317877
2041	3.0731772443015966
2042	2.947077794577309
2043	3.3715622897083586
2044	3.0668834911598832
2045	3.5089121752776995
2046	3.710500311266944
2047	3.3126097028042296
2048	3.7794085512414703
2049	3.680771588771552
2050	3.452334107646508
2051	3.8229750465916865
2052	3.421416626970945
2053	3.111271837044944
2054	3.8983972127818123
2055	4.230000239613355
2056	3.188262253347852
2057	4.372423713011829
2058	3.960661651007674
2059	3.734240955362758
2060	4.664336940148315
2061	4.296637446484792
2062	4.758617403865857
2063	4.019308215148174
2064	4.132712916656635
2065	4.816601608822235
2066	4.188115577173672
2067	4.161276378059452
2068	4.826750408104287
2069	4.123281153671417
2070	4.570716504019487
2071	5.516687335071435
2072	4.532190135043123
2073	4.582787888958258
2074	4.704325908794605
2075	5.95568581502372
2076	4.676684335510812
2077	4.943401293806902
2078	5.2501491011654515
2079	4.990004239897887
2080	5.137765607360848
2081	5.784527134648232
2082	5.318163572863534
2083	5.314223806050229
2084	5.813474279053278
2085	5.624670222892949
2086	4.83572003118864
2087	6.074265148125464
2088	6.0922310301873726
2089	6.137982004186883
2090	5.775535219915449
2091	5.63191412320144
2092	6.706677847809514
2093	6.316798684175989
2094	6.024003404500454
2095	6.572608853821058
2096	7.139470413546107
2097	6.3689979559443355
2098	6.164296070275496
2099	6.474668112935321
2100	6.56605819955319
