Year	tas_diff
1850	0.12861135903228083
1851	-0.18144848511951667
1852	-0.4020861179950099
1853	-0.20284511244814646
1854	-0.06748515445914724
1855	-0.14125487890642252
1856	0.10835767437852724
1857	0.0561313934329186
1858	0.05820259598589258
1859	0.024711088786640065
1860	0.08116243510768992
1861	-0.19560338297983043
1862	-0.10242002603036714
1863	-1.3561164098216394e-05
1864	-0.1253573991925648
1865	0.03144386256692878
1866	-0.005916771817464125
1867	0.09382147342957897
1868	0.06459751529025666
1869	0.11891275524572417
1870	-0.02840794235360926
1871	0.2259827759966188
1872	0.30817156115277716
1873	0.15535812888656964
1874	0.05984402747847801
1875	0.07464603151148197
1876	0.042149057705090046
1877	0.013573183798851852
1878	0.12871943729844576
1879	0.0682717172361867
1880	-0.15949648219216103
1881	0.011410865995384087
1882	0.15198504891349526
1883	-0.013586625936050922
1884	0.0030568911670736387
1885	-0.1858599772127126
1886	-0.18863773999654454
1887	0.017643592775114278
1888	0.18457773869011976
1889	0.10587719651320306
1890	0.009184512861978238
1891	0.4201136892909477
1892	0.47416809544703153
1893	0.10033989063082488
1894	0.06057563432364642
1895	0.011506765797543575
1896	0.17100205829731974
1897	0.1965051719771307
1898	0.33311286309509536
1899	0.21392007483535197
1900	0.19091368478101473
1901	0.09406334748194228
1902	0.10705788022605815
1903	0.32696944273388096
1904	0.2112382145335337
1905	0.028548240306184136
1906	0.12302770616082083
1907	0.14845825753147776
1908	0.1604057402824286
1909	0.38499898872234206
1910	0.25952495820312355
1911	0.2622866759848662
1912	0.24253105277343476
1913	0.023589491678174757
1914	0.3150725628413614
1915	0.3128385935224297
1916	0.39804526811252816
1917	0.2833488110410099
1918	0.4317295935964941
1919	0.3221488181885027
1920	0.2098857806573381
1921	0.31509707728941694
1922	0.2482583290028746
1923	0.3329447474481063
1924	0.11331352087036184
1925	0.3354350917793447
1926	0.5323821598166272
1927	0.18227376038307774
1928	0.2211415381484342
1929	0.1525556587045171
1930	0.12155248988625472
1931	0.14906784045370491
1932	0.10476976429411791
1933	0.2010114495642985
1934	0.1747492260320156
1935	0.21545828168656075
1936	-0.07623065473131191
1937	0.08113229525154658
1938	0.18151031790483113
1939	0.4274792654636851
1940	0.3591678463724655
1941	0.20206041523331625
1942	0.16261740298549715
1943	0.1647631494381092
1944	-0.004623610255654664
1945	0.10617851624974295
1946	0.23591794587121978
1947	0.15867087113415784
1948	-0.10068492750205482
1949	0.1390036128980376
1950	0.13632256597238934
1951	0.17464427978935915
1952	0.01074436678316315
1953	-0.06483661516351807
1954	0.21603355722722073
1955	0.2185732784395707
1956	0.18751676250950094
1957	-0.04202405904362483
1958	-0.13900437829795476
1959	-0.0671217792058153
1960	0.037676190901461515
1961	0.15763454170286906
1962	-0.07664875919965464
1963	-0.19653164692914532
1964	0.05745653254920777
1965	0.014052843647991142
1966	0.08949326072878006
1967	-0.0368219233122174
1968	-0.11866204847106865
1969	0.10295101609861829
1970	0.21479276949166304
1971	0.10893627708877196
1972	-0.09658866539317496
1973	0.07606524987649749
1974	-0.25866442494432673
1975	-0.09334001076810466
1976	-0.07954472482001784
1977	0.07459657223495897
1978	0.05868945108302093
1979	-0.02942422976163861
1980	-0.2050334468248971
1981	-0.23019927147613406
1982	0.07230882164592378
1983	-0.315150639269579
1984	-0.06896042624812071
1985	-0.0963237631226852
1986	-0.1495946130522613
1987	0.11340133094510807
1988	-0.1488438540511683
1989	-0.05436048088270451
1990	-0.15971305612608055
1991	-0.06949876517658549
1992	-0.1611483450480965
1993	-0.44681194388179224
1994	0.029626792493483545
1995	0.11276448260198624
1996	0.1262982397912883
1997	0.06984258978411373
1998	0.017406317634854673
1999	0.06737372155970234
2000	-0.028990767762921088
2001	-0.056046933409614974
2002	-0.039869302588886324
2003	-0.014311634669855744
2004	0.14315229361957127
2005	0.1807716396791368
2006	-0.0363963540360559
2007	0.01725950668048637
2008	0.38718520820423863
2009	0.10170901503349561
2010	0.17797617516895725
2011	0.0058087634417598455
2012	0.03819225259099479
2013	0.10367115019218609
2014	0.15610701450578746
2015	0.2773989100949432
2016	0.10613080605645542
2017	0.3481990469972547
2018	0.29151480653574224
2019	0.21597983286051514
2020	0.22114759305194753
2021	0.41626026958788365
2022	0.2234680747252682
2023	0.2684573836226791
2024	0.33015577561244536
2025	0.3356388267943746
2026	0.44156809419017606
2027	0.24542385984601744
2028	0.18743935126161215
2029	0.3317905022705332
2030	0.4419309439072121
2031	0.2674404551528813
2032	0.1465275764650804
2033	0.09830141032886175
2034	0.4038431140508638
2035	0.47772938858341796
2036	0.5320144594511951
2037	0.2649694379504832
2038	0.3572656950195632
2039	0.38069547291465167
2040	0.31941997898746877
2041	0.2127737612068259
2042	0.26046208092620127
2043	0.41127476430042886
2044	0.5295522635675645
2045	0.3418717802467963
2046	0.29310963352818575
2047	0.3348160233821935
2048	0.5902508469138779
2049	0.29635527018724694
2050	0.499758572284704
2051	0.20370003480759546
2052	0.05525364985898529
2053	0.24836250404804128
2054	0.2875376029515837
2055	0.5602769311311966
2056	0.43799285414384803
2057	0.31244302010361213
2058	0.34340321507383376
2059	0.5812714266502073
2060	0.5861663528095433
2061	0.5683716978179971
2062	0.6338083904384559
2063	0.7548303746763265
2064	0.5080648399682435
2065	0.5756493354531056
2066	0.5462409096153698
2067	0.5778466869451
2068	0.5380767903579429
2069	0.28650826694745835
2070	0.3527275533151877
2071	0.6051449027219187
2072	0.5484386948175559
2073	0.4222531983502873
2074	0.6328387795550872
2075	0.5732750614238773
2076	0.5650378218244416
2077	0.5475273424454059
2078	0.27723737515364455
2079	0.5575850234887705
2080	0.6120486403642778
2081	0.480395167820479
2082	0.26533604084588003
2083	0.4554129651259853
2084	0.5952482035722895
2085	0.45552429212215717
2086	0.43983483082646835
2087	0.21995452758915413
2088	0.31817800260651286
2089	0.521224721830496
2090	0.40112891937600903
2091	0.27622645368897203
2092	0.449045628537422
2093	0.4802234841741333
2094	0.28651337588552295
2095	0.2372877488169376
2096	0.5885506073628664
2097	0.48152003886280514
2098	0.5669749562780124
2099	0.3289472117702079
2100	0.20764306535521015
