,tas,rlut,rsut,rsdt
0,287.39942777771495,238.3127354081167,96.93239721081505,340.2971466576803
1,287.52557246873806,238.40599783629702,96.97454830007139,340.2226768916207
2,287.5464707668531,238.271913331237,96.91202775508215,340.20325541141756
3,287.62378064045384,238.58536072721543,96.91483233992433,340.1944264104382
4,287.6194201860315,238.35910348127675,96.87141735665165,340.23777482910276
5,287.6443998543053,238.55214771912839,96.71238325562483,340.20407392074213
6,287.6650308376617,238.59879756445176,96.79705169855566,340.27467118649207
7,287.716719653024,238.4508482018315,96.76124713087785,340.35262726553964
8,287.8439441867371,238.8222315611131,96.64413081969734,340.39778947546097
9,287.8341277935916,238.78905377774632,96.73964004024316,340.4145628339756
10,287.7833498441433,238.69216011915137,96.71663787967087,340.3716401494757
11,287.90314460293166,238.9377044701988,96.50372714103396,340.3213876819671
12,287.8868150392489,238.470509489757,96.70032390403689,340.2744471272852
13,287.9220907798453,238.63024293039595,96.41069222663431,340.2521599645633
14,288.0153449522872,238.8618909925269,96.5492164990295,340.2201964701812
15,288.01976715525996,238.6933643247246,96.59437088220231,340.20204122714466
16,287.996518668289,238.5291837702281,96.49075711792193,340.18448092259484
17,288.11086094079036,238.91969355734304,96.22436934774571,340.18870601394013
18,288.1341516939757,238.92163235697709,96.38892343947022,340.2306753666785
19,288.1288697112184,238.736793036556,96.53889180770649,340.3058417606574
20,288.13753745464163,238.65534078771475,96.6406870388055,340.3145314107079
21,288.14904607410494,238.84979925065764,96.25282226793753,340.3495140015205
22,288.1077812113206,238.66135877629867,96.49827032329797,340.3136186243898
23,288.19940252758124,238.70472807046178,96.37470496862802,340.31215219309064
24,288.2227539658283,238.8938961816577,96.28576673037196,340.266628580291
25,288.3192808844951,238.7249568011657,96.14175819324034,340.2199339131972
26,288.28745431755755,238.69450664085844,96.4102225494167,340.18068389569095
27,288.30351207385297,238.5598260774212,96.37350094960955,340.16978189511497
28,288.31279097143243,238.37241275524482,96.40650825218931,340.1749028422424
29,288.44020606910766,238.77160372316197,96.1635157647108,340.1994159497527
30,288.5025784844329,238.76409034835856,96.02618949153732,340.2695087218298
31,288.5436790943833,238.8617066766193,95.89588563328523,340.3177974246602
32,288.5150840124763,238.82144324085473,95.99678688708944,340.37172907715154
33,288.61567966423723,238.8283691596658,95.98443427322199,340.37745610573546
34,288.7569401199859,238.9764161370774,95.9895111061456,340.3311764936517
35,288.6393457802088,238.90898343245132,96.2815972214597,340.2666949320307
36,288.72443245740806,238.69957408370863,95.9739913171676,340.23320221449404
37,288.65940787265146,238.68863154521284,96.1646043664919,340.2016833809298
38,288.6982055677565,238.60440247326696,95.77433657033164,340.1794433172487
39,288.82637728792656,238.95724445571128,95.57755633380016,340.18828631303506
40,288.90630461042264,239.0976294567857,96.017714835678,340.22955573772583
41,288.9413871136697,238.8982744376026,95.91201581727107,340.2784609762866
42,288.95953322711995,238.91188002944224,95.91647552514303,340.2819125833194
43,288.96941693891534,238.92439104186465,96.03204182480044,340.28976395081196
44,288.9984645333342,239.08906672612179,96.04177026777693,340.2958187073727
45,289.01216750278553,238.80191224853573,95.7408384921202,340.2547793054218
46,289.19801889599086,239.01108890844242,95.29945832481305,340.21739697690805
47,289.21473394708113,239.09154812586908,95.86749246294004,340.18885750846135
48,289.21805227808153,239.1233826047353,95.65079578191724,340.1782887472934
49,289.19079277434355,238.8638001399686,95.67691417775131,340.174737012188
50,289.37558544981243,238.9991161839981,95.46330367324852,340.18735560672354
51,289.4767742167852,239.14761022913152,95.35090737815864,340.24232612988953
52,289.54309902553734,239.40507809244772,95.64021486249447,340.29253048368804
53,289.4436142643552,239.09677420815854,95.77028925858781,340.32070617198605
54,289.4761018602923,239.27200405334972,95.67084681910268,340.3099231109767
55,289.55630613565864,239.0156428916779,95.66043316031183,340.27871861393606
56,289.55522315938794,239.06641693847283,95.45378803181522,340.2345922867986
57,289.6914607959205,239.198884116316,95.69394183984225,340.21386830244194
58,289.6376580550269,239.3213833325785,95.53008321004597,340.19732125944483
59,289.63681389705465,239.08852542159602,95.39879841874517,340.1741419497118
60,289.78998721697207,239.47369508929395,95.63315210207475,340.16472232551104
61,289.7441680312809,239.20529463372722,95.59285774363207,340.1554527154602
62,289.7032052863688,238.86984540046933,95.60506163070113,340.1678060093499
63,289.7152914886328,239.07885675190172,95.67810079650629,340.2025026459765
64,289.90741931297856,239.2206673761542,95.0775131326897,340.2418595930947
65,289.93172085911937,239.52405873197745,95.45797370488735,340.2681495346261
66,289.8464519311137,239.31551527845156,95.28613749525988,340.2692615013873
67,289.861998818211,239.04916277819135,95.46799207641864,340.2690602528532
68,289.96018053521294,239.27140840511115,95.44530367897191,340.2415258692766
69,289.9606114472223,239.11214152915935,95.34590479431523,340.2267572611216
70,289.93516196683225,239.06841862953456,95.4530774478822,340.1852402378241
71,290.0029133718942,239.00325161981746,95.04988823063587,340.1617187210149
72,290.12523127043517,239.22885885816402,95.33612550483936,340.1597086523432
73,290.165741020691,239.39022420483715,95.17868032823783,340.16309598227133
74,290.19414624541156,239.26411415703896,95.29736609753621,340.19565631878623
75,290.17466895039104,239.27149949497496,95.2850763559476,340.2505771900416
76,290.2708712826715,239.45593193722846,94.76652164451521,340.2889859581237
77,290.4013604335493,239.69233310422092,94.87150546703663,340.34184561622305
78,290.46735119017933,239.65445092311992,94.89308777970756,340.32027820808077
79,290.42316998645657,239.7167085469814,95.07038189044623,340.2775651633005
80,290.40833735076,239.47972075914888,94.81803321908309,340.24156697882256
81,290.46953552669095,239.5247156239611,94.83724347095581,340.2018089826299
82,290.5555948261636,239.75153385881433,94.97035271096983,340.18772005764356
83,290.5572534954244,239.75805152582117,95.1463969807852,340.1750311460715
84,290.4771296787857,239.75420041270988,94.96748451767844,340.19415387234255
85,290.54940104951135,239.58666361847625,94.99170916646722,340.23601214473507
