,tas,rlut,rsut,rsdt
0,286.4393919516562,239.8115216473485,100.29034888051969,340.18707297445826
1,286.3903902165708,239.78210951004436,100.1564368483135,340.18707297445826
2,286.3576962101852,239.6910622148855,100.56949463130228,340.18707297445826
3,286.4231111049717,239.6494984695477,100.45691208509959,340.18707297445826
4,286.45660385930165,239.9539404351077,100.33746508518952,340.18707297445826
5,286.4018727678792,239.64632536009995,100.6797719874047,340.18707297445826
6,286.2942823043481,239.4538607365633,100.57564670892702,340.18707297445826
7,286.35176231730384,239.54132684239008,100.20205737444695,340.18707297445826
8,286.29226230451565,239.5252705299082,100.50806002053177,340.18707297445826
9,286.44535813450653,239.70651824822014,100.16409596732596,340.18707297445826
10,286.4661246731219,239.7248592672111,100.54003738766922,340.18707297445826
11,286.4207221553235,239.77257789837225,100.16376642954322,340.18707297445826
12,286.4435687520318,239.856748570816,100.13517924041675,340.18707297445826
13,286.3528218712624,239.60039167261564,100.45894293990598,340.18707297445826
14,286.47786173224455,239.83059229410995,99.87360225564015,340.18707297445826
15,286.69764310723434,240.1191968421878,99.9803801255523,340.18707297445826
16,286.5279922068386,239.8791652486226,100.57585292402875,340.18707297445826
17,286.4734178206352,239.56803175197322,100.07486257638311,340.18707297445826
18,286.6370930802563,239.90294833944554,100.17906904289363,340.18707297445826
19,286.602546224566,239.87448005567308,100.1853681390524,340.18707297445826
20,286.487934576538,239.71968527773035,100.70357280887241,340.18707297445826
21,286.48548854979634,239.81312766682348,100.22643841567755,340.18707297445826
22,286.6476879180301,239.8745927676757,99.89204856912869,340.18707297445826
23,286.53677814785,239.8544978009352,100.07342892170756,340.18707297445826
24,286.62710614385486,239.8343616591268,99.9999537174163,340.18707297445826
25,286.47438964536974,239.71738275704783,100.72217743337706,340.18707297445826
26,286.618171224409,240.02612743784553,100.00993606747217,340.18707297445826
27,286.48134614968245,239.7922755054184,100.44751445205428,340.18707297445826
28,286.29056218613573,239.53134714176153,100.26227145293603,340.18707297445826
29,286.4305541095346,239.48701760909182,100.14981490010223,340.18707297445826
30,286.5599322611319,239.81642791677282,99.96382088036381,340.18707297445826
31,286.67568312442756,239.9936286483205,99.87416864993624,340.18707297445826
32,286.7422906852275,239.92349389170826,100.12633977527774,340.18707297445826
33,286.5396803546098,239.82775535766493,100.57050479043306,340.18707297445826
34,286.5825307590333,239.9288412057524,99.62406263414545,340.18707297445826
35,286.5955136269026,240.09808848784425,100.24005106791498,340.18707297445826
36,286.5005047914226,239.7110692072222,100.48425845020533,340.18707297445826
37,286.50141754530785,239.63972743993975,99.96772451071399,340.18707297445826
38,286.6174147256467,239.86954462571876,99.94518281640443,340.18707297445826
39,286.6560155837487,239.76952637906,100.30027048925542,340.18707297445826
40,286.57676775937927,239.84930874227243,100.14594865884793,340.18707297445826
41,286.6788495944691,240.03427767587678,99.68313993466154,340.18707297445826
42,286.791320347261,240.04620670989007,99.99574326650027,340.18707297445826
43,286.83985688710146,240.1815422776094,99.91737776935135,340.18707297445826
44,286.9425313950009,240.29997997163252,99.70638542508784,340.18707297445826
45,286.82912721679276,240.15626027356817,99.72268355545225,340.18707297445826
46,286.78609457486397,239.95226877096857,100.3344857144632,340.18707297445826
47,286.6991076503563,239.93947579586427,100.09547556612227,340.18707297445826
48,286.7000478235025,239.74240499630295,100.07319671908017,340.18707297445826
49,286.7659783366662,240.1315327696036,100.07702080671764,340.18707297445826
50,286.73600854960154,240.1049167632767,99.85028334982752,340.18707297445826
51,286.68429478792865,239.96401191245533,100.04429237274171,340.18707297445826
52,286.7276030853493,240.02790728575107,100.28227242376742,340.18707297445826
53,286.69278643937946,239.83945074895382,100.30013097782451,340.18707297445826
54,286.77196015447515,240.1222928620764,99.96442520878223,340.18707297445826
55,286.69427418198444,240.1047188419168,100.00951469719473,340.18707297445826
56,286.4972823477113,239.55415833967027,100.62578621217055,340.18707297445826
57,286.5414495867302,239.65915512138292,99.82445604521331,340.18707297445826
58,286.7649708014305,239.89902686064855,99.66881790448042,340.18707297445826
59,286.8392247807145,239.94337428221763,100.03139849514376,340.18707297445826
60,286.7704531710538,240.0535505257808,99.77685899425359,340.18707297445826
61,286.87185372310125,239.96231732747958,99.85481712737169,340.18707297445826
62,286.8983545914872,240.07468498816047,99.69550152391106,340.18707297445826
63,286.8022989089656,239.9037248432709,100.26115778294941,340.18707297445826
64,286.88401343880474,240.10369787126095,99.70057381448481,340.18707297445826
65,286.94855833731765,240.08390841040432,100.32056467875229,340.18707297445826
66,286.7018669030935,239.79442937876948,100.60013094862603,340.18707297445826
67,286.7109799810802,239.65551855448004,99.9263726507965,340.18707297445826
68,286.7788035865574,239.96319801264394,100.13381169542147,340.18707297445826
69,286.62226642692895,239.6542326276743,100.40944777620217,340.18707297445826
70,286.6309555576658,239.7239159658267,100.12129753143957,340.18707297445826
71,286.8068315220699,239.97658506740618,99.46234923677792,340.18707297445826
72,286.9284983725181,240.0386781897963,99.75241643064265,340.18707297445826
73,286.7810584836192,239.83878528255536,99.97339546925956,340.18707297445826
74,286.8371009593259,239.97010158633634,100.05536212041727,340.18707297445826
75,286.6960857221212,239.68356695948944,100.07263198854629,340.18707297445826
76,286.84471859245554,239.86851514924925,99.57821179316916,340.18707297445826
77,287.0233005045917,240.1866339585895,99.58691313222378,340.18707297445826
78,286.90243175861815,240.05915226294204,99.68478423179043,340.18707297445826
79,286.95325382008247,240.21644881681934,99.96128966439784,340.18707297445826
80,287.0014369346723,240.15682536774776,99.558922483232,340.18707297445826
81,287.03603154126654,240.22058247603238,99.78430769134799,340.18707297445826
82,286.92082346107594,240.04285908291493,99.86924896187382,340.18707297445826
83,287.0295652817758,240.14170716134345,99.45469159162583,340.18707297445826
84,287.07551580814425,240.33678620758494,99.6664134647595,340.18707297445826
85,286.79180780016077,239.9714692949661,100.31878443238399,340.18707297445826
86,286.74642765827673,239.72732704430675,99.75557412800408,340.18707297445826
87,286.93228580458157,240.0353846487989,99.38255407512781,340.18707297445826
88,287.03097579195565,240.28062851683435,99.58782188567999,340.18707297445826
89,286.8716425849127,239.8793625568629,99.95776754866688,340.18707297445826
90,286.81371609218473,239.70705782794207,99.75083252485847,340.18707297445826
91,286.94827185123813,239.9027800011232,99.71127543631222,340.18707297445826
92,287.12967187432344,240.22979908907573,99.4957257542602,340.18707297445826
93,287.0812777221891,240.11393676816604,99.61819155859558,340.18707297445826
94,287.0528823569789,240.04000137392532,99.99221242425831,340.18707297445826
95,287.0122588135375,240.00615034070873,99.87195152960834,340.18707297445826
96,287.07323867126297,240.25061052790974,99.67751098791479,340.18707297445826
97,286.9284637262894,239.9610392964721,99.81201457639996,340.18707297445826
98,286.88014171567414,239.81423833299428,99.69636997658064,340.18707297445826
99,286.8999353425219,239.8849632388126,99.76876643809901,340.18707297445826
100,287.0228382724752,240.01343794187622,99.6004805371956,340.18707297445826
101,287.1352210204193,240.203990314131,99.6381070114116,340.18707297445826
102,287.02612555329387,240.09564360766515,99.62810310019883,340.18707297445826
103,287.05007609907295,239.97023426691635,99.76578588637472,340.18707297445826
104,287.1668577054264,240.14310243040845,99.57906657612705,340.18707297445826
105,287.1529150127851,240.19073819481582,99.63124581957457,340.18707297445826
106,287.1397293961957,240.30909064704142,99.52487200779035,340.18707297445826
107,287.14801963486315,240.11585694235623,99.6991171765912,340.18707297445826
108,287.1448273503236,240.26303812046433,99.7365741021244,340.18707297445826
109,287.1736821053703,240.14016018845265,99.58345812017247,340.18707297445826
110,287.1906885955492,240.28011547360015,99.81175480516647,340.18707297445826
111,287.05915782554507,239.96848628625295,99.70260424624217,340.18707297445826
112,287.0874975541521,240.02644320284904,99.48393806894613,340.18707297445826
113,287.21544389178695,240.00881080593447,99.36442739331716,340.18707297445826
114,287.27604020169275,240.28150554031672,99.66993221233275,340.18707297445826
115,287.23667382206116,240.17926411950984,99.46016727238855,340.18707297445826
116,287.3719857284006,240.39236173211768,98.95742263383572,340.18707297445826
117,287.51259334157453,240.37305833487804,99.30642627253597,340.18707297445826
118,287.34944968243394,240.4783566619512,99.29537499837072,340.18707297445826
119,287.3924153234027,240.10995704872798,99.13097359247602,340.18707297445826
120,287.4123790114667,240.46335180555275,99.41992553084332,340.18707297445826
121,287.3899915631801,240.23091172330749,99.12622132017138,340.18707297445826
122,287.5540140266896,240.43053050764004,98.8833717259838,340.18707297445826
123,287.54059147290513,240.47999574310438,99.23086107279948,340.18707297445826
124,287.5187231579118,240.3555740832057,99.39326256514589,340.18707297445826
125,287.54312638468963,240.4870685064917,99.12074108896444,340.18707297445826
126,287.6593114083385,240.45475256554366,98.89196755901243,340.18707297445826
127,287.65097626519673,240.62334243807626,99.13087679697615,340.18707297445826
128,287.5805198704843,240.26349586774612,99.22287334496873,340.18707297445826
129,287.5147215218905,240.37015877400555,99.01135445265987,340.18707297445826
130,287.58336363763823,240.17229330943997,99.02562297220254,340.18707297445826
131,287.7505969436775,240.28763608315276,98.96380865375062,340.18707297445826
132,287.76614885262956,240.44179771836085,99.18598214179836,340.18707297445826
133,287.6660771219652,240.31023434168875,99.02711188899634,340.18707297445826
134,287.7462152094046,240.31620875950526,98.79450586093321,340.18707297445826
135,287.75776608942834,240.25677609894515,98.74323375044919,340.18707297445826
136,287.9078254940886,240.65232569530897,98.62150455980573,340.18707297445826
137,287.84562625569316,240.46293113817046,98.9300503107421,340.18707297445826
138,287.8160885101333,240.23118789611226,99.09348709038115,340.18707297445826
139,287.949502857584,240.40294031744043,98.8582673463141,340.18707297445826
140,287.91319505848026,240.3826427474885,98.73999028182453,340.18707297445826
141,287.8913442559329,240.42105412542648,98.89755924508995,340.18707297445826
142,288.1181518122656,240.61042519580522,98.17491258051466,340.18707297445826
143,288.02601871799106,240.67105312358458,98.68657434003556,340.18707297445826
144,288.0422253756018,240.47570101185644,98.43676834782046,340.18707297445826
145,288.21506459551625,240.7940697578443,98.42491068606915,340.18707297445826
146,287.9555547067427,240.45915431493674,98.81350171164718,340.18707297445826
147,288.1777836806397,240.86034945175615,98.25932108059254,340.18707297445826
148,288.33719849330674,240.98594274946973,98.36963300272406,340.18707297445826
149,288.0523142747531,240.66456205181638,98.98251543117851,340.18707297445826
150,288.0663053555151,240.38434070931717,98.4903023352335,340.18707297445826
151,288.25089650827744,240.73803708499648,98.1677514240098,340.18707297445826
152,288.27115085654304,240.66747775659576,98.2452084374279,340.18707297445826
153,288.2323714625339,240.65424592756378,98.6875290289045,340.18707297445826
154,288.29713716136985,240.7294728188915,97.75245221696927,340.18707297445826
155,288.3109181278219,240.66101340099507,98.43198354394211,340.18707297445826
156,288.38437473049294,240.89693548321918,98.02562959805498,340.18707297445826
157,288.51259932738,241.22519795727274,97.94900242080563,340.18707297445826
158,288.4324181898477,240.7643885586048,98.21117391586868,340.18707297445826
159,288.5137908171828,240.86047448994486,98.12499643125835,340.18707297445826
160,288.48188022774906,241.09761532260873,97.9823630094433,340.18707297445826
161,288.5079432529096,240.9737892680098,98.115982370562,340.18707297445826
162,288.4446061347532,240.82076412574563,98.32527525657935,340.18707297445826
163,288.6111655378854,240.87722666361185,98.02345788284305,340.18707297445826
164,288.6773643178465,241.18402085885688,98.1408894120401,340.18707297445826
165,288.6434922867298,241.0251318845309,98.14400781527748,340.18707297445826
166,288.5422566845197,240.99689613847502,98.11314037692732,340.18707297445826
167,288.6715277435125,240.97458691433258,97.87881212125922,340.18707297445826
168,288.7066354158165,240.845205808904,97.92133744542616,340.18707297445826
169,288.91823235133984,241.20346715191124,97.58720853490367,340.18707297445826
170,289.0527836279511,241.244497113502,97.38851704852647,340.18707297445826
