Year	ERF
1850	0.36680014990453863
1851	-0.29291149567612185
1852	0.1963914086118222
1853	0.4327766310458567
1854	-0.15991226423020957
1855	0.14441377190285307
1856	0.0755922177258396
1857	-0.05803547390946692
1858	0.7056672900644914
1859	0.6817050595883172
1860	-0.10631634807045917
1861	-0.6338922819195978
1862	-0.1043330278793144
1863	-0.06079754734270864
1864	0.2032375385137239
1865	0.5203372813674908
1866	-0.03725659237440081
1867	-0.23165502233862573
1868	-0.4254016813360319
1869	0.5413514761291114
1870	0.2721394589021314
1871	0.7885572374462965
1872	0.11427661450086898
1873	-0.287479035391614
1874	0.32682518015758294
1875	-0.19236820284527845
1876	0.3065431761904713
1877	-0.15816759486541793
1878	0.484196088792139
1879	0.16618283206818701
1880	0.11059145360534109
1881	0.13344407144348025
1882	0.0887448845408635
1883	-0.43795617137993775
1884	-1.4126088293694528
1885	-0.4582932768435714
1886	-0.09237163657392733
1887	0.30564113341340315
1888	0.42967277717830915
1889	0.6995969446219115
1890	0.06838292973409756
1891	0.032689803795632466
1892	0.4619144184587646
1893	0.04315415089517455
1894	0.5661102950552133
1895	0.3228057341123275
1896	0.12301934108787412
1897	0.15984354472312035
1898	0.24984081933889835
1899	0.3551051492317979
1900	0.1845715973295409
1901	0.21171931895602403
1902	-0.05812364542322829
1903	-0.863454712811581
1904	-0.10507299897404974
1905	-0.017452564937164697
1906	0.2024951647537859
1907	0.02109267121478954
1908	0.961170012574891
1909	0.1433408494852432
1910	0.31806975483736233
1911	0.5361684890936962
1912	-0.1581355882910045
1913	-0.1689841286478002
1914	0.34895931683968856
1915	0.10748374486635552
1916	0.1878745819050638
1917	0.4115567895372124
1918	0.3659284608432687
1919	0.5412298014467092
1920	0.24547730255996408
1921	0.02733300264854363
1922	0.6511279815293515
1923	0.4345679131409993
1924	0.3610826523307318
1925	0.4068884568138258
1926	0.2562129703183494
1927	0.4986023776410639
1928	0.0949346842091714
1929	0.18691411779080788
1930	0.24139774354930973
1931	0.32103984323447754
1932	-0.026972772113669302
1933	0.2704093794445053
1934	0.7000964411871737
1935	0.592693244382321
1936	0.2238722493311534
1937	0.21868173954094322
1938	0.8182729149087988
1939	0.5400401689744095
1940	0.44811314095443355
1941	0.04333446562063212
1942	0.028529065978339624
1943	0.5353083163632268
1944	0.5383767816324062
1945	0.6213019494922594
1946	0.6190244302073604
1947	0.3483544289531734
1948	0.37057835341288414
1949	0.5486186313781661
1950	0.1692324051984504
1951	0.9143526254657453
1952	0.03385679677464709
1953	0.2023608049154292
1954	0.5722591952618721
1955	0.5979316209391512
1956	0.7408228370367607
1957	0.13477602869400865
1958	0.6598726018770302
1959	0.1742089120292846
1960	0.46330658939794167
1961	0.5347343131692152
1962	0.25781058399602247
1963	-1.0847868601432884
1964	-0.8320291794230051
1965	-0.0004211642307677052
1966	0.16965140264393241
1967	0.13933624862436106
1968	0.20949913899328518
1969	0.3915292409903255
1970	0.37432498899851885
1971	0.3267497286321763
1972	0.25139725122820855
1973	0.4098671431442046
1974	0.5292121505960259
1975	0.44284519224088587
1976	0.46638455492820813
1977	0.5142925346862197
1978	0.515479502039704
1979	0.5974165942689449
1980	0.7873342451563485
1981	0.301017529829814
1982	0.5623189739617261
1983	0.6391583026545694
1984	0.6937553247214551
1985	0.9964593866512486
1986	0.9332478878812511
1987	0.8669771486555242
1988	1.4309734767008504
1989	1.36565136774396
1990	1.0010327892943272
1991	0.4828364442053743
1992	-0.02415598646199907
1993	0.8678310968998495
1994	0.9140326206856715
1995	1.2035360309804237
1996	1.7723211314416516
1997	1.9346069091878362
1998	1.6318581892124229
1999	1.9171082918104254
2000	1.7415456798194047
2001	2.2027784092488485
2002	1.865628916959233
2003	1.9489685364165918
2004	2.0732282181234316
2005	2.077877188857583
2006	1.837745923138821
2007	1.4292274558368434
2008	1.8306123637546907
2009	1.9209504777051911
2010	2.315418470923076
2011	2.2735220747495744
2012	2.2369408792815992
2013	2.136302992214662
2014	2.3787434624295427
2015	2.7135385666439666
2016	2.0735932716867738
2017	2.1141966744184177
2018	2.4566939025677588
2019	2.6667052687914143
2020	2.723886089358011
2021	2.642790509676076
2022	2.3326589240418056
2023	2.584599461760451
2024	3.257867186671332
2025	2.8624432867043703
2026	3.1325319312567053
2027	3.2371183725140167
2028	2.888615627334061
2029	2.9823666021678044
2030	3.271354923498361
2031	3.2463402795256027
2032	2.5236273207995747
2033	3.1955762991123184
2034	3.8176439500871773
2035	3.664068960304207
2036	3.4638458489818427
2037	3.065812659192201
2038	3.6194463277006577
2039	3.753929888311146
2040	3.596058579017822
2041	3.716413715123522
2042	3.988804277587169
2043	3.642053790302714
2044	4.073303814253775
2045	4.501698926882494
2046	4.057975378020937
2047	3.6563774232561768
2048	4.32587988703158
2049	3.9730257585391557
2050	4.445478801834365
2051	4.072827566162172
2052	4.578832060762918
2053	4.4204789568700615
2054	4.576154410782441
2055	4.599550734860231
2056	4.7363461054268905
2057	4.8031030419838885
2058	4.858790925665607
2059	4.830377577640929
2060	4.8423814961547915
2061	5.052123929443349
2062	4.706203905927302
2063	5.411845275854015
2064	4.927724865077565
2065	4.998941938743774
2066	5.327509374157456
2067	4.871030774831972
2068	5.23802329171254
2069	5.569198540072673
2070	5.663315337345967
2071	5.796201901444668
2072	5.436116398004864
2073	5.588811148641071
2074	5.796619348248218
2075	5.72733429006659
2076	5.966425576509824
2077	6.231075948423836
2078	6.020204491786153
2079	6.351834552765069
2080	6.226411582457899
2081	6.847099090650907
2082	6.16592614979295
2083	6.662447062888921
2084	6.383166056735153
2085	6.216264933831591
2086	6.523675159735855
2087	6.530806521286925
2088	6.075299326983776
2089	6.61077029916912
2090	7.053508600300674
2091	7.085872437958881
2092	7.012442200288724
2093	7.005438184927041
2094	7.2801213334713095
2095	7.501228811326602
2096	7.137059926517116
2097	7.22299142609317
2098	7.1589952262230785
2099	7.275063526342176
2100	7.149062881636624
