Year	ERF
1850	0.24513975917493563
1851	-0.3652145591900432
1852	0.10257970500047611
1853	0.19649671109932415
1854	0.09472613345192013
1855	0.25509468613255465
1856	0.32272074662675393
1857	0.24610064040520427
1858	-0.037298188000341875
1859	0.1156172941117084
1860	0.23366099877613367
1861	-0.5631956093843267
1862	-0.17861643084387074
1863	0.4826527120729629
1864	-0.010319850742713393
1865	0.3088919099436685
1866	0.8343832225417432
1867	0.2578137671354058
1868	0.005083209895322613
1869	0.46436057323297714
1870	0.028121720549109816
1871	-0.04571380549229922
1872	0.2736497987488965
1873	0.00015434874622838324
1874	0.08219744998615208
1875	0.5541255471332528
1876	0.3407694393246996
1877	-0.12057105859119788
1878	0.15125588414660204
1879	0.03302802841632309
1880	0.27905227406089184
1881	0.09935256824561944
1882	0.44229768564154837
1883	-0.38796774010596946
1884	-1.6282081691883226
1885	-0.25601859356407586
1886	-0.137009124015363
1887	0.41517147773186064
1888	0.435947977972568
1889	0.026374871263601163
1890	-0.2518033884364253
1891	-0.025133358181152456
1892	0.3679508074890444
1893	0.23144490840127463
1894	0.6385844435411588
1895	0.37756787625822363
1896	0.16980442534752188
1897	-0.01437992258491691
1898	0.25278085788186244
1899	0.08393836256892798
1900	0.21018923663616992
1901	0.009797018165354984
1902	0.03186569084923732
1903	-0.6312664945120436
1904	-0.5540245401623415
1905	-0.12046988432638225
1906	-0.08844303552256982
1907	0.35464492102436307
1908	0.297451720543141
1909	0.3325097769766273
1910	0.5794047417337822
1911	0.23058393747730768
1912	-0.24233558401427227
1913	-0.6482569559411159
1914	0.5417507975477034
1915	0.30783966285364656
1916	0.6391241437395287
1917	0.45872097307632265
1918	0.3762653211527226
1919	0.15559071243316974
1920	0.35508216094138517
1921	0.08073741696189207
1922	0.1763357105947617
1923	0.6855476568744192
1924	0.42848697452922746
1925	0.14917147666028974
1926	0.03674559578024986
1927	0.7760384176382618
1928	0.9149157312587004
1929	-0.06938450493527654
1930	0.4856435542821895
1931	0.1281101178224829
1932	0.2161221085232249
1933	0.22259765374469376
1934	0.18975838448428578
1935	0.30349180940924037
1936	0.21578511664060165
1937	0.6252966369102921
1938	0.5020652394541792
1939	0.36470000599588404
1940	0.3634509053892215
1941	-0.03698981162051995
1942	0.1965392612786101
1943	0.7723772323487188
1944	-0.10169729671095201
1945	0.44421186969250936
1946	0.3991139845162353
1947	0.3042630134831389
1948	0.7513689551129589
1949	0.6664674186069728
1950	0.39370494804413464
1951	0.618194258135119
1952	-0.26330910674898456
1953	0.2804645953612841
1954	0.22854373521842758
1955	0.674548889231118
1956	0.1887504420874739
1957	0.2811544501031162
1958	0.79416590098524
1959	0.5627118802623887
1960	0.6057068553139324
1961	0.5248819910068121
1962	-0.023125776678875026
1963	-0.7756760465582921
1964	0.07527076054630172
1965	0.27230472968016345
1966	0.22476251899222144
1967	0.14103293220098811
1968	0.4421247534312839
1969	0.38366867689306416
1970	0.4277936246539037
1971	0.20210791812861867
1972	0.8003667617824334
1973	1.1195695868464555
1974	0.407334038557037
1975	0.2523263446749239
1976	0.881822927800415
1977	1.1334362387314754
1978	0.5481818540363934
1979	0.3848260887769137
1980	1.2355657094135815
1981	1.0003645647265693
1982	0.8619799150641394
1983	0.22137249158109557
1984	0.7031855920182868
1985	0.9770058543601302
1986	1.0494323685729636
1987	1.3140288320767661
1988	1.1957342073008208
1989	1.3699684258510554
1990	1.1649797230094894
1991	0.6611816556432963
1992	-0.4758900775050143
1993	0.5603887013417976
1994	1.3611575526052893
1995	1.6975981216868548
1996	1.5064948186971412
1997	1.6381054446548127
1998	1.7440247454655537
1999	1.9007499724977877
2000	1.361144223569343
2001	1.7220314869942248
2002	1.8263114725089826
2003	1.5197466189060695
2004	2.010898459035525
2005	1.5244406554836272
2006	1.449332132616069
2007	1.9397608549049905
2008	1.6225853187098296
2009	2.433317932182198
2010	2.337606906751141
2011	1.6381731242485569
2012	1.8903002955218997
2013	2.5902193863497334
2014	2.332195233421571
2015	1.9719052906221184
2016	2.435983489478569
2017	2.6102620144251327
2018	1.9209346179645337
2019	2.914319302201285
2020	2.515973067432139
2021	2.4084674182563797
2022	2.796850341348744
2023	2.73438212313119
2024	2.7643871934639055
2025	2.7893695360996915
2026	3.2311808955604646
2027	3.221310970794261
2028	3.1813618975159494
2029	2.881496461529938
2030	3.258170009166136
2031	3.2662605357271848
2032	3.1061469957334022
2033	3.520885781084072
2034	3.0726959376598777
2035	3.726541528439379
2036	3.6084124989987303
2037	3.475778091525373
2038	3.5112671071857497
2039	3.999566029156832
2040	4.058537501396422
2041	3.6970125888960954
2042	4.137423474142963
2043	4.065308711698981
2044	3.9690511084557962
2045	4.189871525379861
2046	4.74090012009882
2047	4.141358587203561
2048	4.246612971704449
2049	4.578770351704556
2050	4.823182157908954
2051	4.773788873188391
2052	4.719194544604268
2053	4.818200501634623
2054	4.72328860036728
2055	5.165720616055506
2056	5.4536277938189315
2057	5.440189071908019
2058	5.700594722595993
2059	5.424263897663328
2060	5.661228586486784
2061	5.625384959869605
2062	5.418809593275113
2063	5.886247750130446
2064	5.9940693357778105
2065	5.656067473602416
2066	6.047635756668729
2067	6.039480856589879
2068	6.443726127481145
2069	6.031257550841065
2070	6.644950984625206
2071	6.172060689785841
2072	6.492758748005963
2073	7.26298741452659
2074	6.524960026611048
2075	7.179676042164115
2076	6.8258938072328235
2077	7.312693025931206
2078	6.807718577549911
2079	7.547396812669174
2080	7.852477661683188
2081	7.247397921156232
2082	7.604315213189189
2083	7.304549060442129
2084	7.810319655677711
2085	7.905849212431476
2086	7.864615530840447
2087	7.95133569838245
2088	7.99443613374416
2089	8.204754653505564
2090	8.480117855822938
2091	8.20263680963076
2092	8.600762497739392
2093	8.70148608359607
2094	8.477245584753302
2095	8.69255108910215
2096	8.440424096526336
2097	8.685453761262714
2098	9.138679749946037
2099	8.988672656256114
2100	8.59612631120795
