Year	tas_diff
1850	0.09985133711832365
1851	0.07616467791854328
1852	0.16632994355739533
1853	0.02747473223395476
1854	0.05943315772082261
1855	0.10260367688585174
1856	0.054642552412422496
1857	0.09907999195782771
1858	0.12165462294545165
1859	0.15588278439705086
1860	0.09240034375637582
1861	-0.02990918731797182
1862	-0.10813609024510737
1863	0.07045911528264881
1864	0.1587424434717028
1865	0.13352872390492432
1866	0.011988855461792736
1867	0.11280187254022914
1868	0.21509317150759427
1869	0.039766564784638664
1870	-0.014302634887938454
1871	0.018229644317860644
1872	-0.07587621457938956
1873	0.05626205361701814
1874	0.06441520641258192
1875	0.04556225035442815
1876	0.07008891951466831
1877	0.10290464075856381
1878	-0.011006717724723364
1879	0.1619550124497997
1880	0.02114524767004658
1881	0.064248408479016
1882	-0.04332426138173856
1883	-0.05186883887616618
1884	0.026440794273079604
1885	-0.13888545289867427
1886	-0.05284515830962386
1887	-0.04263553730559556
1888	-0.09648028531797873
1889	-0.23567298569432324
1890	-0.0908754674724909
1891	-0.03519981119218156
1892	0.01693259331990698
1893	0.08182853346298495
1894	0.08494545118481506
1895	-0.14437350908698748
1896	-0.03201145937698671
1897	0.037388184803818794
1898	-0.08470042190081584
1899	-0.15868400317513728
1900	-0.10047992937125833
1901	0.10465153299695028
1902	-0.00328357029500001
1903	0.04625907800338267
1904	0.07452438276568246
1905	0.04322274362829093
1906	-0.03285991800750801
1907	-0.29985497605930234
1908	-0.29926634659163276
1909	-0.2749841046374505
1910	-0.21831872785875447
1911	-0.14743790168519166
1912	0.012937934709118769
1913	0.01116515129320382
1914	0.015473413302866584
1915	-0.15721474446077952
1916	-0.0703339225531417
1917	-0.21509156819540132
1918	-0.15626806661613682
1919	-0.12058919942500859
1920	-0.20542924419299619
1921	-0.12960801250733062
1922	-0.2377353541745512
1923	-0.10049849924931205
1924	-0.13961945894736874
1925	-0.17027279899417594
1926	0.041084109506015695
1927	0.052096365124593036
1928	-0.0008104241015466085
1929	-0.14550814225976352
1930	-0.0680159470474909
1931	-0.01903923843047231
1932	0.1429142330738683
1933	0.11794254333789495
1934	0.058847061712000465
1935	0.02837004462079712
1936	0.15097744882598693
1937	0.05405872542560303
1938	-0.15088359459656592
1939	-0.18131994068238966
1940	-0.008968551671265146
1941	-0.03365391445382537
1942	-0.05254392198037244
1943	0.1299851123853003
1944	0.05657937548367714
1945	0.010543130486967589
1946	0.06057832518004641
1947	0.09237305422625097
1948	-0.10054212580396693
1949	-0.14412908124198492
1950	-0.15773309460651264
1951	-0.1368434995091461
1952	-0.06547939609827347
1953	0.006280086124961781
1954	-0.28164410450727373
1955	-0.19047592254583173
1956	-0.1681317775757245
1957	-0.16269500716053964
1958	-0.22746408806824497
1959	-0.18977312406132252
1960	-0.13134420158519028
1961	-0.29496084224117236
1962	-0.2631206654286898
1963	-0.33615442150798525
1964	-0.35036977406079467
1965	-0.3408375532016028
1966	-0.31059277067552726
1967	-0.31595356539296604
1968	-0.27476189384435346
1969	-0.244275134165459
1970	-0.10565958316372948
1971	-0.11236306759574216
1972	-0.09685780287554868
1973	-0.15457750468934928
1974	-0.2739713339900239
1975	-0.20553036959647314
1976	-0.27845782185792006
1977	-0.22986201782468374
1978	-0.06080854709229966
1979	-0.07088759901786451
1980	-0.1089976463748093
1981	-0.06958938418070865
1982	-0.12734092627385696
1983	-0.058704711709540836
1984	-0.1035580377011221
1985	-0.11236408351890692
1986	-0.19804631943045026
1987	-0.25301250764808225
1988	-0.19454166845682264
1989	-0.3153291221919631
1990	-0.2789214993115088
1991	-0.2866406281957723
1992	-0.1860654786350313
1993	-0.16816233849193862
1994	-0.22977763469460333
1995	-0.2849241504605956
1996	-0.36002992928838307
1997	-0.2525076023875321
1998	-0.14889448687590778
1999	-0.1739256698127314
2000	-0.2668071059753425
2001	-0.613060451143373
2002	-0.24952384201982758
2003	-0.17750597654850386
2004	-0.24442246424515202
2005	-0.24732769396871523
2006	-0.17514812051807338
2007	-0.021698275737560335
2008	-0.1902301756844531
2009	-0.18431335644209113
2010	-0.33450345310484675
2011	-0.2831546415233721
2012	-0.18202222300830595
2013	-0.18279960664765404
2014	-0.26488526183593675
2015	-0.31460242491371115
2016	-0.31873097822680974
2017	-0.327860634247779
2018	-0.46122669666956884
2019	-0.24721256929285795
2020	-0.3065222264448586
2021	-0.21257891774099025
2022	-0.3526318999357545
2023	-0.31701205008903477
2024	-0.12690479488548734
2025	-0.16777820856550307
2026	-0.25003061460800424
2027	-0.36696248596851566
2028	-0.21673686342475706
2029	-0.4015045117208107
2030	-0.3739970698127051
2031	-0.26356587827032607
2032	-0.2089094730535015
2033	-0.08199187407766484
2034	-0.1038100333589651
2035	-0.09909674314503336
2036	-0.21612445411470027
2037	-0.3703894620245416
2038	-0.1387084805368013
2039	-0.22316855726793028
2040	-0.47803453253668193
2041	-0.25641106061583585
2042	-0.2639277615259519
2043	-0.5288025324776053
2044	-0.39151468194912464
2045	-0.22243486843857996
2046	-0.07583782144231366
2047	-0.22124137729744087
2048	-0.3561031164841397
2049	-0.2558437171825183
2050	-0.17146126642080795
2051	-0.23767650396596407
2052	-0.20930219064994837
2053	-0.17713610403837965
2054	-0.1506752820185997
2055	-0.23974075236196013
2056	-0.27615254826821234
2057	-0.35427322170372744
2058	-0.10119001545775763
2059	-0.20515904339815627
2060	-0.39761157788851387
2061	-0.27898054680923234
2062	-0.2421664762120228
2063	-0.3697338292876746
2064	-0.30645340156581247
2065	-0.409385499284435
2066	-0.32240207944384824
2067	-0.36899850838754533
2068	-0.44349724737629703
2069	-0.2845689230259101
2070	-0.41294171637003974
2071	-0.4258785157746612
2072	-0.690445602685378
2073	-0.6137667693066633
2074	-0.24788609679595508
2075	-0.2747731851462545
2076	-0.29727965649760524
2077	-0.44651988806566845
2078	-0.5989932323548293
2079	-0.4717548922736907
2080	-0.4361526183721649
2081	-0.35884470294407045
2082	-0.26944889055717525
2083	-0.41912446183165564
2084	-0.46137537439823717
2085	-0.29837152322364524
2086	-0.359115996159054
2087	-0.5245462855604099
2088	-0.33294297480575974
2089	-0.3868700837800505
2090	-0.4271390936334063
2091	-0.4353092584791147
2092	-0.3994454593812833
2093	-0.30135455420978285
2094	-0.314096101279671
2095	-0.5225293117330319
2096	-0.5797599310345172
2097	-0.39512800710464546
2098	-0.41564295365404913
2099	-0.5953176009686896
2100	-0.578731387106397
