Year	tas_diff
1850	0.06555945394896122
1851	-0.058422046616899
1852	-0.07524495340162758
1853	-0.14097144897521777
1854	-0.21852217715154496
1855	-0.20410722773617088
1856	-0.2669270201230287
1857	-0.11724925319379984
1858	-0.0686520863561602
1859	-0.3610916241020292
1860	-0.2246237239553211
1861	-0.33699185289661426
1862	-0.25445467215923734
1863	-0.110149642456271
1864	-0.06536647700604255
1865	-0.12741889991661207
1866	-0.16101307940381343
1867	-0.13047043595092042
1868	-0.16282572509900334
1869	-0.27366885845583133
1870	-0.2652758842012429
1871	-0.06457900622521867
1872	-0.11428235746789907
1873	-0.10324223284261697
1874	-0.021633145973744543
1875	0.013443172111769194
1876	-0.06266509318157887
1877	-0.025370661461094166
1878	-0.17797828243167202
1879	-0.1700229579075673
1880	-0.054926130608441606
1881	-0.2390667629197159
1882	-0.36002059432982786
1883	-0.3210695326978551
1884	0.03361689520554201
1885	0.029528888790459562
1886	-0.08793153702959938
1887	-0.08960033145616228
1888	-0.04730533164832233
1889	-0.09074709644000067
1890	-0.042752312141818405
1891	0.06202340831749066
1892	0.1025834588386403
1893	0.06619837629442234
1894	0.15974910049063343
1895	0.15467547315387714
1896	0.07232086608541931
1897	0.022620911984249356
1898	-0.017406294986890225
1899	0.062397046374257435
1900	0.03582042388506264
1901	0.05614415250610957
1902	-0.09057278195130167
1903	0.028252488758356065
1904	-0.023940628357585023
1905	0.06659154235882278
1906	0.154397873369877
1907	0.13609774677582495
1908	0.16891045247080153
1909	-0.09282346949626047
1910	-0.16486528149140195
1911	-0.02772542266785799
1912	0.04689689863260506
1913	0.0396621781177469
1914	0.041763703921767266
1915	-0.0466514294830278
1916	0.005241802957549727
1917	0.08083606021424788
1918	0.057651416742027395
1919	0.1016257162029835
1920	0.18254909924866944
1921	0.1372918404870536
1922	0.007532771560185697
1923	0.020100266921964816
1924	0.08464435282304889
1925	-0.011743273210358007
1926	-0.06034436306797514
1927	-0.1159048034228709
1928	-0.06908635347334835
1929	0.1234987808715891
1930	0.02712816272886398
1931	0.04081063649675509
1932	0.12248705713545846
1933	-0.04115673019216298
1934	0.08426982275821529
1935	0.0982334025701162
1936	0.09090338592040395
1937	0.09085802991100098
1938	0.14911471217282418
1939	-0.1509510483755277
1940	-0.12314694737415094
1941	-0.08609547826084124
1942	-0.24635915945222459
1943	-0.16516068517348348
1944	-0.0475746282925853
1945	0.038783165562366384
1946	0.04774491927709967
1947	0.0432486407907845
1948	0.037264152323047695
1949	-0.028736489958921918
1950	-0.0812659116789528
1951	-0.07588530244353964
1952	-0.12955047289659
1953	-0.04107754411570985
1954	-0.06348716614526845
1955	-0.31750348052130106
1956	-0.11162632510296983
1957	-0.10686647021375023
1958	-0.036141438942204784
1959	-0.06915007898141706
1960	-0.114484970101355
1961	-0.07553527916890307
1962	-0.24766764495199883
1963	-0.12275718459556478
1964	-0.0899074581780035
1965	-0.18226609005337058
1966	0.0011577154217572022
1967	0.01178779934571017
1968	-0.10323374382051309
1969	-0.2494749646583908
1970	-0.33753444265092447
1971	-0.1307228327895163
1972	-0.17131076234347242
1973	-0.28063504369869186
1974	-0.20000714917058365
1975	-0.1804022643053041
1976	-0.054310705905763534
1977	-0.04388450768474644
1978	-0.08819108390319919
1979	-0.08388495755914843
1980	-0.1556762122331582
1981	-0.05215816056729594
1982	-0.18502065742917484
1983	-0.21630520244311058
1984	-0.1868124800620663
1985	-0.1903455432612277
1986	-0.07495742937525463
1987	-0.023783331290979315
1988	0.00886570833843947
1989	0.07696946147337846
1990	-0.03267237375854515
1991	-0.1932852841521231
1992	-0.3486425867127023
1993	-0.18253901400602168
1994	-0.004543828976371511
1995	0.11921903633571163
1996	0.05352733818528821
1997	0.007048335096502711
1998	0.05953663412152399
1999	0.0862514427938238
2000	0.02612374112185889
2001	-0.12291217206068072
2002	-0.04601574595019642
2003	0.016918425490525024
2004	-0.07504401219119683
2005	0.11838367511408432
2006	0.07474762071229435
2007	0.23588133789862264
2008	0.14499374091836414
2009	0.05330127157113029
2010	-0.04380552818372241
2011	0.025979629888673417
2012	-0.07246807073056294
2013	0.03652340113147057
2014	0.02431941890485878
2015	-0.11891129087012686
2016	-0.08918738750520516
2017	-0.3942778449797073
2018	-0.37070065968566435
2019	-0.13109620717279613
2020	-0.051096869075412776
2021	-0.16454980453125856
2022	-0.26885731135705515
2023	-0.07284272198457309
2024	0.03669097825537415
2025	0.1663348998106864
2026	-0.02528678239610871
2027	-0.174235460763434
2028	-0.08376003115495267
2029	-0.056606380319578875
2030	-0.22034736824532697
2031	0.0021131719240914393
2032	-0.1389936766467046
2033	0.0018514647769807269
2034	-0.04084503341110368
2035	-0.2067529379557631
2036	-0.28615656700661685
2037	-0.2102101628157742
2038	-0.16791332886311539
2039	-0.28927658673997225
2040	-0.28975089099160556
2041	-0.44109578542786787
2042	-0.19145169421710984
2043	-0.2390890522544349
2044	-0.3182627142824912
2045	-0.20828363336352096
2046	-0.10324058302289307
2047	-0.06575770090788824
2048	-0.22625201984747578
2049	-0.1937011294891673
2050	-0.06956975168024382
2051	-0.0025615187382870275
2052	0.027775180858856885
2053	-0.1985099776835213
2054	-0.21259088335156173
2055	-0.033841922234775446
2056	-0.046934398031681646
2057	-0.02585770819018096
2058	-0.062130943097129965
2059	-0.08244167703436878
2060	-0.23370360685355696
2061	-0.018635875728818085
2062	0.06564131728547729
2063	0.012548143830056535
2064	-0.07462747371006317
2065	-0.36590082737508656
2066	-0.17981327837451122
2067	-0.2869461915777296
2068	-0.24499027743621804
2069	-0.10860812933193609
2070	0.047009077814364364
2071	-0.21154616492990197
2072	-0.23434889120257285
2073	-0.16200859756266883
2074	-0.17723869805104098
2075	-0.3264772797411375
2076	-0.264419964671641
2077	-0.3467021330475015
2078	-0.34537855391401084
2079	-0.3295189608699598
2080	-0.32813934211566886
2081	-0.3474994683706347
2082	-0.1549941709231204
2083	-0.15251903566117608
2084	-0.17877628376946664
2085	-0.10309696916073285
2086	-0.14793734353819143
2087	-0.19504341331530206
2088	-0.25964982136365755
2089	-0.15101515217409744
2090	-0.17956025750578863
2091	-0.12884001946809054
2092	-0.4078637260191176
2093	-0.146727961482223
2094	-0.12658657991510758
2095	-0.16199078408963796
2096	-0.06961323828596822
2097	-0.01037627915065098
2098	-0.1821223176561242
2099	-0.10291008331963525
2100	0.12178282631776849
