Year	tas_diff
1850	0.04166062224402059
1851	0.0020616944979081273
1852	0.11945763550885115
1853	0.20740571279478962
1854	0.2329969124168943
1855	0.16744776764193614
1856	0.12827615283124733
1857	0.09485623518282292
1858	0.13261188613985098
1859	0.01220185482419936
1860	0.05144482121928182
1861	0.0679066859475394
1862	0.2647230086796217
1863	0.1819817698664155
1864	0.156397136405455
1865	0.23248309737625333
1866	0.29970727521308743
1867	0.15367304360780176
1868	0.04876096858285375
1869	0.004439022705962491
1870	0.10563374379911364
1871	0.16994599641909908
1872	0.14407973155252296
1873	0.33601477517304734
1874	0.2644329448435547
1875	0.24564372035550866
1876	0.1481073556017998
1877	0.21978762688465933
1878	0.28183145714590074
1879	0.10472451011405204
1880	0.10334058114385836
1881	0.08606796840792483
1882	0.1086683164184824
1883	-0.022649876668776076
1884	-0.007492022369893561
1885	-0.029114543232001314
1886	-0.05139986741047507
1887	-0.06792831588987988
1888	0.11452074498682553
1889	0.08556147827601401
1890	0.08683603266161677
1891	0.21048920637136942
1892	0.27112624174396127
1893	0.14034682126556278
1894	0.08456858762328627
1895	0.1060775425588923
1896	0.06244231102017872
1897	-0.0953803559603186
1898	-0.11639421283158002
1899	0.009515697872366391
1900	0.04954350762580431
1901	-0.15975258626557695
1902	-0.08886719498023278
1903	0.04765072424473653
1904	-0.0458314846763857
1905	0.04488900537865593
1906	-0.10041303276379077
1907	-0.017155965744253543
1908	0.05958846530929105
1909	0.0011528801576651815
1910	0.028664407890132054
1911	-0.15973100005435958
1912	-0.13748070493539205
1913	-0.0017318497611732465
1914	-0.02178638037622439
1915	-0.12425324045049393
1916	-0.20010845097329416
1917	0.03850244749713569
1918	-0.20809004717780355
1919	-0.14388126748546542
1920	-0.1277616807030485
1921	-0.08649850909557
1922	-0.09216984364554909
1923	-0.11328982686940142
1924	-0.09999859164451125
1925	-0.23054096337857297
1926	-0.21581588545911506
1927	-0.08209166409882113
1928	-0.09991602349345347
1929	-0.15216716304941325
1930	-0.00039359590413499956
1931	-0.025993654134963295
1932	-0.22231157439432886
1933	-0.047862202472151116
1934	-0.1411353348412004
1935	-0.23016044187952645
1936	-0.2555371516259105
1937	-0.027692078930421637
1938	-0.18734251956510783
1939	-0.23426040544209947
1940	-0.21280227070926516
1941	-0.30413447063633764
1942	-0.23971915116232045
1943	-0.19522025691185718
1944	-0.2489551393687262
1945	-0.29129308687893735
1946	-0.17063037242759221
1947	-0.27848824912697634
1948	-0.1407015343483659
1949	0.014305075882597718
1950	0.15615159013709073
1951	-0.2041500928275125
1952	-0.2502035166541959
1953	-0.007257407844883712
1954	-0.10918952573768786
1955	-0.14158456408728126
1956	-0.06846774736614158
1957	-0.1775080806964104
1958	-0.2709862861795889
1959	-0.21732889992589116
1960	-0.18783601375927972
1961	-0.14115332456543406
1962	-0.18181070506302666
1963	-0.35588188730280734
1964	-0.21038351905525376
1965	-0.18903636945508562
1966	-0.09049338082822911
1967	-0.15191246648653295
1968	-0.2593583210519239
1969	0.01608759371272428
1970	-0.0006490719643398868
1971	-0.37164767385830494
1972	-0.2566684804323901
1973	-0.2104723977775651
1974	-0.3399240439821748
1975	-0.1544224112138296
1976	-0.07587570562395843
1977	-0.13092746477392714
1978	-0.12743724525959005
1979	-0.08094394407793015
1980	-0.09772535533957838
1981	-0.09404529338292689
1982	-0.16239789709580454
1983	-0.19154910474569747
1984	-0.17701301761664234
1985	-0.3267542663664531
1986	-0.23955769471552968
1987	-0.14831957419807995
1988	-0.05923777237463401
1989	0.11181449280909295
1990	-0.008914629873898017
1991	-0.24374827740420124
1992	-0.218976298278323
1993	-0.2224666171393418
1994	-0.28597341555548295
1995	-0.10710684112157509
1996	-0.0027449177152643056
1997	-0.13482068647290935
1998	-0.1533011578450023
1999	-0.08396754601878009
2000	-0.2054465900533744
2001	-0.03418954067115676
2002	-0.07404148792517251
2003	-0.06734134211205633
2004	-0.031186168156422944
2005	-0.31197767050932623
2006	-0.06523547890470183
2007	-0.06366599178615173
2008	-0.05670846000526231
2009	-0.15529871082923785
2010	-0.2989255565479101
2011	-0.3911191227886992
2012	-0.19775197335999262
2013	-0.19551954830453888
2014	-0.0734473757635894
2015	-0.15762149931697134
2016	-0.23263583092752915
2017	-0.26055454648847887
2018	-0.24258778338374132
2019	-0.22468672976186488
2020	-0.18270476978530703
2021	-0.21953266843674357
2022	-0.4619081035355075
2023	-0.2572780162075379
2024	-0.37521472910987175
2025	-0.4966074691385569
2026	-0.4325804531019162
2027	-0.39235466184652745
2028	-0.4698956118654736
2029	-0.3098389407842781
2030	-0.37862021286573144
2031	-0.5004320562134001
2032	-0.3366666297106282
2033	-0.32478030880927333
2034	-0.12239449648054368
2035	-0.12478336145989877
2036	-0.19674738491932375
2037	-0.12219906804066749
2038	-0.181660544670307
2039	-0.26010579825441305
2040	-0.3277710000657885
2041	-0.4387703392790714
2042	-0.1719880729600174
2043	-0.11438097846637785
2044	-0.1744246867282846
2045	-0.1618060563579471
2046	-0.17621913456054683
2047	-0.25641799119169173
2048	-0.19615784529886326
2049	-0.4966387206037681
2050	-0.3474140535158168
2051	-0.16236641358750337
2052	-0.24010097813140296
2053	-0.3980434373622743
2054	-0.31471233402187826
2055	-0.14929623492353894
2056	-0.1655274589747382
2057	-0.3286005325471546
2058	-0.3324089153819916
2059	-0.25711363405097476
2060	-0.32008012051713486
2061	-0.3088541537222973
2062	-0.32877252687695346
2063	-0.1439731472993433
2064	-0.08351976583223131
2065	-0.33729668917801625
2066	-0.4830367861450089
2067	-0.3191311513207147
2068	-0.21811402108368938
2069	-0.198397233031522
2070	-0.051381045274037085
2071	-0.19846419649727487
2072	-0.3874393351280858
2073	-0.5528365375069022
2074	-0.34880407957381543
2075	-0.20520156249141763
2076	-0.15958135604074197
2077	-0.33510204767221285
2078	-0.3328255779272489
2079	-0.158758814722594
2080	-0.21469214667299497
2081	-0.3077547685419457
2082	-0.24436851406073679
2083	-0.3156781186786084
2084	-0.37240470946478776
2085	-0.26707278004070467
2086	-0.3389828458107136
2087	-0.30878663795823336
2088	-0.23508660192112263
2089	-0.39980277193851155
2090	-0.2600764745329638
2091	-0.2234798127142179
2092	-0.3657440950554234
2093	-0.23356641672911582
2094	-0.42091023111524883
2095	-0.3411233727853782
2096	-0.17426142921828003
2097	-0.24497314077192822
2098	-0.20325433849583874
2099	-0.30567172122245445
2100	-0.3636342648769686
