Year	tas_diff
1850	-0.36273515632244774
1851	-0.22231073223890255
1852	-0.13006337138711893
1853	-0.20401255732931678
1854	-0.05020312664545412
1855	0.019716233720409353
1856	-0.04408489479047423
1857	0.08919236505357905
1858	-0.036327485752858144
1859	-0.1116203275962447
1860	-0.07571942145437668
1861	-0.08624709035682449
1862	-0.04066760152995169
1863	-0.04288720596776044
1864	-0.04301032873749039
1865	0.01353016247689889
1866	-0.08303617366022696
1867	-0.1097109433867744
1868	-0.07106399500734421
1869	-0.013523928383596992
1870	0.011761931576659147
1871	-0.021739859745623716
1872	0.03855557773912596
1873	-0.0329251569767364
1874	-0.17390812363463876
1875	-0.11463121685151328
1876	-0.1230720052998704
1877	-0.20397648459937956
1878	-0.16600114998739304
1879	-0.041570607341064394
1880	-0.19299007659793738
1881	0.0809017762660465
1882	0.08848190218618918
1883	-0.020315140741839932
1884	-0.008797052030571406
1885	0.1836072843312131
1886	0.06087500846015878
1887	0.005624675258195433
1888	-0.013144021816911919
1889	-0.00010232227339998512
1890	0.0032088626694788194
1891	0.1648546059575624
1892	0.1973389824431641
1893	0.12108591324319919
1894	0.0002543728098516329
1895	-0.035164277363164166
1896	0.06493060293271079
1897	0.007503759354278314
1898	-0.037684370238341064
1899	-0.15486664319495913
1900	-0.11236434303447869
1901	-0.15223098717176262
1902	-0.07026194716539742
1903	0.1030711766833686
1904	0.1496702040644286
1905	0.07762723386037247
1906	-0.1331191285680153
1907	0.018672294905989595
1908	0.09723766574091697
1909	0.03341999546181754
1910	0.030379367758828768
1911	0.039989686295382354
1912	0.037992827903710925
1913	0.019522165814952704
1914	0.011685076073847502
1915	-0.07569033866057218
1916	0.0991227984557713
1917	0.22335788987448896
1918	0.08848383592858568
1919	-0.006040926315699996
1920	0.01697365295948558
1921	0.13738296048845833
1922	-0.018915158230270013
1923	0.045266353104464224
1924	0.11739263174640943
1925	0.022496566933808804
1926	0.04607518685533424
1927	-0.13547391905573264
1928	-0.12791203380726213
1929	-0.1700173384843392
1930	-0.12997092412879777
1931	-0.06515826304481384
1932	-0.11406127865757729
1933	0.05993649776617688
1934	-0.005925882898622947
1935	-0.18481177648544123
1936	-0.1439651419693866
1937	-0.21884669673937968
1938	-0.3065819450098377
1939	-0.19218911184243648
1940	-0.2320831489438802
1941	-0.210712815733703
1942	-0.2274833540040168
1943	-0.047273142928627
1944	-0.1423539264299169
1945	-0.08959668859247788
1946	-0.10314183481885164
1947	-0.20125620285427245
1948	-0.15470118025318746
1949	-0.08664326271632794
1950	-0.13466056462530687
1951	-0.172162420627085
1952	0.020998267807687987
1953	-0.05346594153223305
1954	-0.07832730793100984
1955	-0.07803962326131703
1956	-0.2264108385681895
1957	-0.10415382366254528
1958	-0.08633372615407126
1959	-0.11335115727290868
1960	-0.016623853169024316
1961	-0.18589582738234417
1962	-0.07465253999021881
1963	-0.11447963842277303
1964	-0.10779201502537356
1965	-0.2743792124691937
1966	-0.22015382812201023
1967	-0.09916852096306293
1968	-0.15261593575281013
1969	-0.2002763796731875
1970	-0.14128476654597033
1971	-0.11806746583532554
1972	-0.010631760914499994
1973	-0.06609320180440792
1974	-0.16717008535873734
1975	-0.04799776199635414
1976	0.10627066433740784
1977	0.14106826527407845
1978	0.059351238026993325
1979	0.07759223134778881
1980	-0.04329680681702963
1981	-0.11041336687396786
1982	-0.13117770035686138
1983	-0.07698084567929303
1984	-0.07438883856368833
1985	-0.14526316682068968
1986	0.08501160172828792
1987	-0.07283985685545658
1988	-0.03765705943765907
1989	-0.1182416609599759
1990	-0.07497606355369357
1991	-0.2730365911403325
1992	-0.07676453295367536
1993	-0.21774952635228695
1994	-0.12648751356687316
1995	-0.1344645942668865
1996	-0.03965139956179342
1997	0.06836738988832847
1998	0.07242835344072318
1999	-0.0588060745358534
2000	-0.08560634524066946
2001	-0.11097298561858704
2002	-0.1757076372340045
2003	-0.1796253266482093
2004	-0.16465324746843746
2005	-0.1855805906233241
2006	-0.18533090751549874
2007	-0.14529186104111003
2008	-0.04669497600624073
2009	0.03098106781374743
2010	-0.10000197019514023
2011	-0.22828499422978865
2012	-0.1009085319595191
2013	-0.19068914523711533
2014	-0.17993877255473256
2015	-0.24488209051094656
2016	-0.1117628093228431
2017	-0.07404287970295398
2018	-0.15811521719664667
2019	-0.05311090375093985
2020	-0.09580632888715579
2021	-0.12017984628944856
2022	-0.14180196863081362
2023	-0.17686513143224292
2024	-0.36740750891178875
2025	-0.3644802191551444
2026	-0.009021725828808336
2027	0.045280270126495825
2028	-0.15993682544701304
2029	-0.15735217455082529
2030	0.07066909106657882
2031	0.030048730051855266
2032	-0.22051434712972595
2033	-0.29553006870452947
2034	-0.08162764044447668
2035	-0.03810747392403302
2036	-0.005722675095939156
2037	-0.22055389264406156
2038	-0.0586440387282372
2039	-0.1027563740500339
2040	-0.3559080749125352
2041	-0.1883120498177311
2042	-0.0753025987620628
2043	-0.08107645323863943
2044	-0.13980027203389334
2045	-0.12028893984329914
2046	-0.2526242902290532
2047	-0.2991689760378482
2048	-0.2016679289082446
2049	-0.20537696303859043
2050	-0.371638081980743
2051	-0.22920437151533513
2052	0.0019115937704006214
2053	-0.15098667717019554
2054	-0.362643137042161
2055	-0.2767417102098113
2056	-0.13662116930029633
2057	-0.09874052714826753
2058	-0.1261274107964354
2059	-0.19160028946185426
2060	-0.37123107661209387
2061	-0.15415650423169236
2062	-0.02868140227549043
2063	-0.03189779126168091
2064	-0.2797930471840857
2065	-0.34558940167131524
2066	-0.12968214051596405
2067	-0.18354988515426163
2068	-0.19827488130430027
2069	-0.29640669809432474
2070	-0.27621832541094626
2071	-0.36771300268963847
2072	-0.36671084628428474
2073	-0.29871720858224693
2074	-0.23589146180778675
2075	-0.34822417940111805
2076	-0.3845275149295113
2077	-0.29431972041395005
2078	-0.11756200986064247
2079	-0.0856924943750812
2080	-0.16400488098433552
2081	-0.3527744119138836
2082	-0.19043749014516909
2083	-0.287390211474309
2084	-0.3305210040600097
2085	-0.3485765072870839
2086	-0.12993194637731742
2087	-0.18870183414844988
2088	-0.2755467876664026
2089	-0.30983028857944017
2090	-0.2313868964653798
2091	-0.3448448691177193
2092	-0.16572968887295314
2093	-0.19484948217555154
2094	-0.3379810643915482
2095	-0.340459509960235
2096	-0.35833671619455654
2097	-0.38215562429939887
2098	-0.3836812955891098
2099	-0.10160048523896315
2100	-0.0772838333152217
