Year	tas_diff
1850	-0.006371424118692334
1851	-0.010740915998614535
1852	0.1025593200363702
1853	0.08573550753625656
1854	0.035997810202857694
1855	-0.00021925568734003364
1856	-0.08880756643526581
1857	-0.05498739659298581
1858	-0.04323650281465599
1859	-0.015583603669268947
1860	0.04669955794444805
1861	0.10603491308078258
1862	0.06363374263862488
1863	0.10137448043037331
1864	0.1831452843103999
1865	0.3366266416795011
1866	0.35856977944452245
1867	0.17319966901986858
1868	0.07338329248022132
1869	0.12331516551081423
1870	0.3433954265902278
1871	0.2947199492470734
1872	0.15737100654907488
1873	0.1402090025420601
1874	0.2652053288435689
1875	0.17249490360261932
1876	0.1166292109560607
1877	0.08567053638617662
1878	0.20773505879212778
1879	0.11999817897386247
1880	-0.0020592183864827918
1881	0.04191887499176053
1882	-0.06360533308933256
1883	-0.04287465410102881
1884	-0.09840794694231389
1885	-0.0984684589459332
1886	-0.11272011874912855
1887	0.0414751636557929
1888	-0.02954761610177497
1889	-0.07259436781301722
1890	0.12139904070348434
1891	0.09491165626800355
1892	0.038907337679747904
1893	-0.0071857356239270545
1894	0.10100513079811466
1895	0.021862717932384673
1896	0.04394946542072019
1897	0.09582430080763449
1898	0.1336665748660828
1899	0.12445659072543974
1900	0.17032953399919865
1901	0.1295622725383589
1902	0.11692703746106678
1903	0.08928226730269265
1904	0.030365740077718945
1905	-0.07353367866743257
1906	-0.10109148696126388
1907	-0.08068092330791415
1908	-0.16654136922212975
1909	-0.03419841885239917
1910	0.1352043572830522
1911	0.019728945391987607
1912	-0.11651095230938154
1913	-0.08814015964631203
1914	0.055640576002857774
1915	0.01999579489350234
1916	0.007960280436312556
1917	-0.12635940301258933
1918	-0.019372277405895727
1919	0.05336299565282099
1920	-0.06734826549113293
1921	-0.021220203090073664
1922	-0.18114439136497
1923	-0.21457097197194042
1924	-0.17080144453866491
1925	-0.11693278849115596
1926	-0.06633729466646288
1927	-0.27707748280226385
1928	-0.15455751169529128
1929	-0.11734959967647085
1930	-0.09414622065497402
1931	-0.3001649903520497
1932	-0.25224951973934406
1933	-0.24339731644140217
1934	-0.21775978082614084
1935	-0.19989019063356853
1936	0.05376650885382456
1937	-0.048419828196139436
1938	0.05605627378872627
1939	0.051803491362539755
1940	-0.033942507620199014
1941	-0.09884285711615404
1942	-0.17210065816709852
1943	-0.1598999572815562
1944	-0.3619244708157794
1945	-0.21841649199534127
1946	-0.08869285620014067
1947	0.00569830768570051
1948	0.019875892690429636
1949	0.047396258089207305
1950	0.08954788071016531
1951	0.14097455468349396
1952	0.0829689298484581
1953	0.1457056280076328
1954	-0.028648476173243453
1955	-0.08014680229053667
1956	0.03909385549526251
1957	0.04126157493705468
1958	-0.12377563229995214
1959	-0.14279714996896925
1960	-0.08649501315129715
1961	-0.09268972141207754
1962	0.03586831593564499
1963	-0.1567149588870037
1964	-0.21028011652597037
1965	-0.16211831525877535
1966	-0.20735182282487552
1967	-0.2156589954002372
1968	-0.29117232542789595
1969	-0.22363937453568433
1970	-0.06199657785691981
1971	-0.1266951967826084
1972	0.003778099925717482
1973	-0.03001176105784753
1974	-0.18519443778200062
1975	-0.042822298567490535
1976	-0.14665253056716132
1977	-0.13205022517593046
1978	-0.2586354932413408
1979	-0.2894508355016529
1980	-0.17533512046550448
1981	0.1270751311083133
1982	0.013717170769598663
1983	-0.025655720443725105
1984	-0.18137471528262405
1985	-0.10226609139241966
1986	0.01157995850983562
1987	0.011950894297092174
1988	-0.0958477424932015
1989	-0.003200040348280808
1990	0.068729196851405
1991	-0.06161392841029323
1992	-0.22584730615425863
1993	-0.23587261395222958
1994	-0.2006452724054857
1995	-0.09585437065746938
1996	0.03878768226165408
1997	-0.10153203605284389
1998	-0.11072224218457549
1999	-0.10786509537530464
2000	-0.0465639803221487
2001	-0.03562727839986657
2002	-0.042973144149645925
2003	0.020692481122672968
2004	-0.27216348455706396
2005	-0.15884988571711833
2006	-0.14476399965549058
2007	-0.053761810175506186
2008	-0.006447883926133269
2009	-0.19185209889545862
2010	-0.19227082508005688
2011	-0.120688663739136
2012	-0.1401466156632456
2013	-0.14881440432798043
2014	-0.192914731490321
2015	-0.24820850601030053
2016	-0.2722455498367773
2017	-0.23314245290215907
2018	-0.15287273266073687
2019	-0.34126487597141586
2020	-0.49014647328830496
2021	-0.3568221759304613
2022	-0.41742968828181937
2023	-0.25561386063822633
2024	-0.2551975111717173
2025	-0.4265152599941646
2026	-0.25056285149130364
2027	-0.020280081232671776
2028	-0.0863741793978603
2029	-0.3374126428848214
2030	-0.22837774228742935
2031	-0.22448727035386895
2032	-0.1349581619465976
2033	-0.28614225362136114
2034	-0.3283417128197357
2035	-0.35750794136701636
2036	-0.10141869500493605
2037	0.06512547282678804
2038	0.022890836771179313
2039	-0.1676138303143757
2040	-0.16944182003833186
2041	0.041123838339546026
2042	-0.05997577316643099
2043	-0.05460126887892747
2044	-0.14986128956640332
2045	-0.09046691868762746
2046	-0.30286372917654303
2047	-0.3360623210417182
2048	-0.25090330082552237
2049	-0.195164182429453
2050	-0.36185658423683265
2051	-0.4098883819984147
2052	-0.19304628366509657
2053	-0.16034937760179302
2054	-0.32854036836433753
2055	-0.40268669924690537
2056	-0.06999285399486066
2057	-0.20907184430659376
2058	-0.2441865206451279
2059	-0.4581622893826065
2060	-0.22761345178139747
2061	-0.19610479034890815
2062	-0.21650034523632922
2063	-0.0864694871676015
2064	-0.26300129374490755
2065	-0.20938363272611937
2066	-0.3265728589291177
2067	-0.40239497669896185
2068	-0.2819619498492445
2069	-0.06169835790460709
2070	-0.1970578650369159
2071	-0.2792888467776802
2072	-0.24066784543457764
2073	-0.18422060779249172
2074	-0.224826512735941
2075	-0.3873310823343976
2076	-0.22305944975345504
2077	-0.16305875375626577
2078	-0.2135200147872549
2079	-0.28654744017569467
2080	-0.252097344334711
2081	-0.3698285629267932
2082	-0.15682088002905914
2083	-0.3394075180010301
2084	-0.2504218716310209
2085	-0.17494018588869142
2086	-0.1218436478714846
2087	-0.28491564471488484
2088	-0.2075802708733283
2089	-0.14796316688218525
2090	-0.35916435981216477
2091	-0.224956544534459
2092	-0.23547605799081772
2093	-0.26705694430540916
2094	-0.13912115170381512
2095	-0.23404783071967206
2096	-0.3071915600668884
2097	-0.31548480999783113
2098	-0.1861114141571143
2099	-0.3053892021564639
2100	-0.1301936216081696
