Year	tas_diff
1850	0.07947935392189893
1851	-0.1319453701437302
1852	-0.27970432245990223
1853	-0.15284331354933361
1854	-0.02468146433167792
1855	-0.03958181523486569
1856	-0.0004846802765661835
1857	0.10882323357966305
1858	0.16380992562260946
1859	0.05889266604679287
1860	-0.024860943792589046
1861	0.014390557656837444
1862	-0.03759785431064311
1863	0.04734133783362728
1864	0.009235619043098123
1865	0.14926399429334442
1866	0.015234906877649446
1867	-0.018182944311617072
1868	-0.017142975165559918
1869	0.05278359202671787
1870	0.06860856582552777
1871	-0.0077041050226496766
1872	-0.1332557483352965
1873	-0.05661800883170946
1874	0.01814768953709492
1875	-0.17632422331369124
1876	-0.11695219803099408
1877	-0.07265781455762926
1878	-0.015165140610521294
1879	0.00997787267646602
1880	-0.02123132879076786
1881	0.022430560554298082
1882	0.03189995000872073
1883	-0.1408537756299837
1884	-0.1309214696595019
1885	-0.17015623889223816
1886	-0.06660813881727791
1887	0.014354631980611737
1888	-0.03284640712525341
1889	-0.03769444569644058
1890	-0.02574749553897042
1891	-0.048148063644285685
1892	-0.0351521755643385
1893	-0.06288834959227416
1894	0.009752490565168928
1895	0.07399249566753632
1896	0.06166746945661386
1897	-0.047828504819014794
1898	-0.004543645217155778
1899	0.15537403504037084
1900	-0.008849099825048112
1901	-0.038472351485211914
1902	-0.14210045884849803
1903	0.056305809993212164
1904	-0.017257046814536516
1905	0.07747325197425782
1906	-0.04764005101076216
1907	-0.09527028855046257
1908	-0.10750680645707744
1909	0.02810111595349707
1910	-0.04106650936090592
1911	-0.17601461613373034
1912	-0.06210588587987982
1913	-0.1197584083895799
1914	-0.11832899676584008
1915	0.034996346549390364
1916	-0.020059402845064633
1917	-0.1904862043296092
1918	-0.10243916681208654
1919	-0.08477267988294561
1920	-0.07441775584097485
1921	0.1168132564186156
1922	0.1534321131435598
1923	0.07435683009178631
1924	-0.0031719598662723614
1925	0.07997605365323528
1926	0.1200005131375968
1927	0.07789681049818609
1928	0.10060733604655667
1929	-0.06421635873018186
1930	-0.11402952988893644
1931	-0.1371072591859104
1932	-0.020058509116893677
1933	-0.07271821131331402
1934	-0.030490537499125503
1935	-0.10885619472402122
1936	-0.07183403386810994
1937	-0.252845906782424
1938	-0.04614064529391665
1939	-0.059165378569410676
1940	-0.045928981157612014
1941	-0.14648253053327936
1942	-0.03705967129405108
1943	-0.1227577239581375
1944	-0.18551067376425973
1945	-0.01718785297542111
1946	0.06838753313819612
1947	0.034200177664571396
1948	-0.01792134035814935
1949	-0.08141519632123034
1950	-0.20195867247662108
1951	-0.10257463110843112
1952	0.005318614636118046
1953	-0.07141651719909192
1954	-0.025864289746543978
1955	-0.07961882015804944
1956	-0.08866155059666642
1957	-0.09263303905627507
1958	-0.03920395587718206
1959	0.049012108703636315
1960	0.013564329544936637
1961	-0.13946920057679313
1962	-0.0949419642161689
1963	-0.22741557805662965
1964	-0.20095858532944647
1965	-0.16473735653855226
1966	-0.10919994502056951
1967	-0.16176056842035738
1968	-0.05963711156154024
1969	0.10887935646829458
1970	-0.07994706817456498
1971	-0.07374433432198571
1972	0.03087993281772966
1973	-0.04468402854116055
1974	-0.008466830605952158
1975	-0.18015501865215844
1976	-0.09251540865622826
1977	-0.29422403774461264
1978	-0.08695783480787955
1979	-0.08429545867317989
1980	-0.07728600455741258
1981	-0.04903957761107369
1982	0.02066512753855565
1983	-0.029452406966349765
1984	-0.06573697499071385
1985	-0.0737322526166515
1986	-0.09937972793980399
1987	-0.3148117027657742
1988	-0.21795370940391445
1989	-0.24342257362039188
1990	-0.23247271932700408
1991	-0.3271565561856492
1992	-0.3359019947383139
1993	-0.117984410440375
1994	-0.0525701969732284
1995	0.10318404190397434
1996	0.06203324535702148
1997	-0.08181687347237321
1998	-0.1973853234548677
1999	-0.16438606855529825
2000	-0.00041822897810539494
2001	-0.07770045075779808
2002	-0.07271814996537329
2003	-0.2933069606663459
2004	-0.3291963542291736
2005	-0.05323804256095355
2006	-0.15663050354932695
2007	-0.192341555806552
2008	-0.1932289047264355
2009	-0.225429346920619
2010	-0.29039336527172543
2011	-0.11806712437347966
2012	-0.015073768617860805
2013	-0.11770072337332582
2014	-0.09165955459810649
2015	-0.18999208051485184
2016	-0.19667797140234922
2017	-0.029188638082590534
2018	-0.2455416115636595
2019	-0.2554862179531361
2020	-0.13444617426387517
2021	-0.14042593726213726
2022	-0.47108781391271615
2023	-0.1672925440804347
2024	-0.017340928696097713
2025	-0.17374469586324315
2026	-0.20616849957210182
2027	0.08478144759475148
2028	-0.019658815924195938
2029	-0.08789156169784418
2030	-0.21507030597288157
2031	-0.23438802989037422
2032	-0.05377966013631719
2033	-0.15069697857264686
2034	-0.18942909495327376
2035	-0.19345849378061697
2036	-0.11788298517442453
2037	-0.13193354716825612
2038	-0.048972165029915526
2039	-0.10872492227668751
2040	-0.2499549183750367
2041	-0.22643225109052612
2042	-0.12951541838470293
2043	-0.235102300391707
2044	-0.15444389790498603
2045	-0.22170623431644287
2046	-0.31429932437101415
2047	-0.31228555378514855
2048	-0.12765005618655323
2049	-0.21030102760687885
2050	-0.3502762645159896
2051	-0.318810407989667
2052	-0.17819265551755326
2053	-0.16462160971378292
2054	-0.22487793639580467
2055	-0.41380002465401056
2056	-0.4629456294344161
2057	-0.28289977347538287
2058	-0.058038387734356434
2059	-0.05770527179450902
2060	-0.2668009925217758
2061	-0.445084404267706
2062	-0.3750587721037997
2063	-0.24297363562539775
2064	-0.5238487360494499
2065	-0.27538719684363944
2066	-0.17231648559616186
2067	-0.30758441639694833
2068	-0.3354816470627142
2069	-0.3391650143452143
2070	-0.20673211175424022
2071	-0.1860488193973806
2072	-0.2840865085041191
2073	-0.6163947346116263
2074	-0.31624455453586275
2075	-0.09353473421699832
2076	-0.15901611825325634
2077	-0.41855495283650423
2078	-0.3684448283591504
2079	-0.05562291561041732
2080	-0.18063467621156448
2081	-0.22680932960084998
2082	-0.20692677540301752
2083	-0.28101286419190075
2084	-0.36552073810519303
2085	-0.24010910421573683
2086	-0.20679996370559728
2087	-0.3167317768630662
2088	-0.20488545301379713
2089	-0.06140117985140492
2090	-0.08887375221461369
2091	-0.17520270825917894
2092	-0.14001730159692816
2093	-0.13077374651435125
2094	-0.36884844518369597
2095	-0.28996111818026193
2096	-0.04723770958678841
2097	-0.15901869789683154
2098	-0.23942367841951828
2099	-0.18824561461991163
2100	-0.17011243752410277
