Year	tas_diff
1850	-0.20628792549514452
1851	-0.11145526858112603
1852	0.022823581951996907
1853	-0.05830220102215097
1854	-0.05513678368845392
1855	-0.08743699835108526
1856	-0.07517528880369355
1857	-0.21436351572285772
1858	0.04371401672029786
1859	-0.07559778091316985
1860	0.04439509038440472
1861	-0.09653479495496789
1862	-0.10405334725591714
1863	-0.11516221681293408
1864	-0.04323012307828958
1865	-0.04850475793738154
1866	-0.0716517869649448
1867	-0.07917320139354364
1868	-0.01866356105423361
1869	0.014663263695766461
1870	0.046966110496670266
1871	-0.06905942934441651
1872	-0.02267471252500894
1873	-0.06500385563888547
1874	-0.010371318940788216
1875	-0.047791710420399564
1876	-0.13538190949755358
1877	-0.04136772464326099
1878	0.11724840577953899
1879	0.1576556959677492
1880	0.0193647539995941
1881	-0.13141345276913002
1882	-0.10802875243380997
1883	-0.2278054357768736
1884	-0.017495746601830398
1885	-0.047080303812849306
1886	-0.14031450417100788
1887	0.03165511073765326
1888	-0.14023025103035155
1889	-0.20409359134230132
1890	-0.1558115677935762
1891	-0.039481287134988594
1892	0.080427283980778
1893	0.17152283491689221
1894	0.16494489097411486
1895	0.06286414233595009
1896	-0.012811839683165849
1897	0.04782839280004883
1898	0.00011570908492021525
1899	0.021641162633543154
1900	-0.03545303302049754
1901	-0.05821837192462473
1902	0.02583389941416167
1903	0.057015395015971165
1904	-0.03432696961649578
1905	-0.1286239230519413
1906	-0.13860118059942575
1907	-0.05582322716059141
1908	0.06264975298015664
1909	0.017390595550058896
1910	0.022499951195028844
1911	-0.11964484464821762
1912	-0.11923167715734917
1913	0.022346139997398578
1914	0.05576449936293112
1915	-0.05101396302781131
1916	0.031237818355074616
1917	-0.09912684197087601
1918	-0.16987070848343902
1919	-0.09029466541247981
1920	-0.11256086410427532
1921	-0.2551847695858978
1922	-0.317197138002291
1923	-0.06855457690280542
1924	0.02573391140866066
1925	0.0007978375263741344
1926	-0.10994939904447956
1927	-0.10750044208404835
1928	0.1092735375808246
1929	-0.12227896828581045
1930	-0.14903887533431334
1931	0.013621675288641166
1932	-0.22798761169534498
1933	-0.27224942256490825
1934	-0.20581374297624846
1935	-0.07420624104609144
1936	0.14727302852370802
1937	-0.007589827172529817
1938	-0.07710448555141208
1939	-0.10656541765622918
1940	0.0002606149944277547
1941	-0.27410948402809443
1942	-0.030933362472363418
1943	-0.13899855925591997
1944	-0.10330604211013844
1945	-0.07143006603122407
1946	0.07368341267428868
1947	-0.06241398507740564
1948	0.013339854594740796
1949	-0.11670178210635868
1950	-0.19025475606896675
1951	-0.15595832975468205
1952	-0.09992795753756883
1953	0.01596689701549156
1954	0.08339366890769553
1955	-0.08498592750576878
1956	-0.12299460908116777
1957	-0.021989770923088736
1958	0.02431387333633722
1959	-0.06029473314708789
1960	-0.004893653258095321
1961	0.03041828585266504
1962	0.1545027728260123
1963	0.09034028103431493
1964	-0.0643463329320213
1965	0.03342798121368608
1966	0.07050610345526401
1967	0.022958426699961926
1968	-0.06597664208423282
1969	-0.10022579416104083
1970	0.04238986264429742
1971	-0.039929064046000995
1972	-0.032161887313936655
1973	0.09588321398387703
1974	0.1469811307989603
1975	0.2865339787146297
1976	0.13215890407877673
1977	0.11754546336049537
1978	0.07726113967268505
1979	-0.08117070487459632
1980	-0.03235060633244158
1981	-0.054741145242261036
1982	-0.06236091374808084
1983	0.15233818779093677
1984	0.048668424810107636
1985	0.11096436578934771
1986	0.08448281334014984
1987	0.06262216014297484
1988	0.044422460567868916
1989	-0.056882030595266864
1990	-0.025206997568517076
1991	-0.266246568874589
1992	0.0774346022655471
1993	0.06080061504068679
1994	-0.1139355204406508
1995	-0.004877505158334849
1996	-0.09117281072594252
1997	-0.07782315453854005
1998	-0.227533767941152
1999	0.048200595226495446
2000	-0.10239539822166965
2001	-0.06338101146356556
2002	-0.13517185573199075
2003	-0.001297824826437921
2004	-0.018354966035400988
2005	-0.1756149175537005
2006	-0.3053836083403698
2007	-0.2613105738779886
2008	-0.14413628604664752
2009	-0.2372029075827089
2010	-0.2889879202324568
2011	-0.3704548331530939
2012	-0.17419600658348022
2013	-0.21691110215436726
2014	-0.203170113205009
2015	-0.5325771562037622
2016	-0.4116866797689336
2017	-0.23111287211471554
2018	-0.19647052847976965
2019	-0.0665223718495429
2020	-0.12475514861100567
2021	-0.204763933664869
2022	-0.24486618378742975
2023	-0.17493236030724102
2024	-0.18940798250010005
2025	-0.27592584744533344
2026	-0.20973206053727678
2027	-0.17297000364681647
2028	-0.0736436435171477
2029	-0.0941353102878213
2030	-0.20538718753400964
2031	-0.28132007804071923
2032	-0.5591211488045165
2033	-0.17401391909520214
2034	-0.17232885474009452
2035	-0.18614615628470732
2036	-0.1479427910021709
2037	-0.04977307656140306
2038	-0.18640653528398854
2039	-0.2850615275212691
2040	-0.01656609534747
2041	-0.06279348233592286
2042	-0.023253684202149127
2043	-0.13033825893742623
2044	-0.339507050956791
2045	-0.1501219637845015
2046	-0.09536688206789945
2047	-0.11995164117932955
2048	-0.29390916610597495
2049	-0.27102593215422166
2050	-0.27780696005802197
2051	-0.19153577355088247
2052	-0.24933589566964498
2053	-0.22534443114422942
2054	-0.3292984247876629
2055	-0.20830369145593375
2056	-0.22396350993412018
2057	-0.31166268914643513
2058	-0.2758818693769882
2059	-0.1845626081265399
2060	-0.18682702914379146
2061	-0.270756029649716
2062	-0.37775910806534796
2063	-0.19807068288939433
2064	-0.13772482449385137
2065	-0.1957276893744817
2066	-0.490450159481564
2067	-0.35728748394954124
2068	-0.13824990520390035
2069	-0.12863671716853098
2070	-0.2266514617794524
2071	-0.2237754955811475
2072	-0.467300596625865
2073	-0.22213964802702524
2074	-0.2871350396281436
2075	-0.23862539450675246
2076	-0.29818412036343744
2077	-0.23656523118289208
2078	-0.1580599417838009
2079	0.02043689110078173
2080	-0.1297613856480595
2081	-0.3005741930396777
2082	-0.4515923627128906
2083	-0.25628677436078817
2084	-0.2766343925067902
2085	-0.3331528105124759
2086	-0.2976196562365576
2087	-0.2597387542048102
2088	-0.43609510454073863
2089	-0.33093785465834635
2090	-0.09257090122633915
2091	-0.2112938014147172
2092	-0.21304570574443282
2093	-0.0979270865348143
2094	-0.0730797364211222
2095	-0.0689399235085606
2096	-0.3110227027440988
2097	-0.2202453510949569
2098	-0.13120893833679403
2099	-0.2771099137922288
2100	-0.23567647746230502
