Year	ERF
1850	-0.11186771526875354
1851	0.10199827153691476
1852	-0.11018892843807873
1853	0.23617247729615534
1854	0.4903673392143025
1855	0.13930699414673303
1856	0.13253697911063445
1857	0.4076828841500938
1858	-0.18047520231344166
1859	0.14307432062229253
1860	-0.21276884446180797
1861	-0.1229147517005102
1862	-0.057448786138470515
1863	-0.2167585431003935
1864	0.017460418265345293
1865	0.010911951519828628
1866	0.2107035642305562
1867	0.40753876518448295
1868	0.011089075820321065
1869	0.11502408212398406
1870	0.5466961753356765
1871	0.24649444215354155
1872	-0.08694807364182042
1873	-0.20240173450774118
1874	0.18347881705546043
1875	0.07784537312907372
1876	0.6186299141871018
1877	-0.04829947248522917
1878	-0.01924160466104538
1879	0.5533725431118838
1880	0.2964786523737465
1881	0.06128524585163045
1882	0.16586055075547262
1883	-0.8277892305241416
1884	-1.6904411583235885
1885	-0.573879485496246
1886	-0.34090719501356714
1887	0.43814442193138897
1888	0.3299035274809802
1889	-0.4562069393794555
1890	0.12599355114621724
1891	0.017370417020724692
1892	-0.5085293987502385
1893	0.2911007814807096
1894	0.9430138345669441
1895	-0.030312055389724972
1896	0.31688337707479486
1897	0.5224429724687714
1898	0.1723339515663991
1899	-0.24410409066805322
1900	-0.013451137746794814
1901	0.5535611895269865
1902	0.013407937908066728
1903	-0.6578496041432098
1904	-0.1812129169628473
1905	-0.0969127409645071
1906	0.021278746344210064
1907	0.23160648733939254
1908	0.6646100893904413
1909	0.4304824742024611
1910	-0.16985182351731518
1911	0.2372275711438853
1912	-0.25187999829310687
1913	-0.09002162889874933
1914	0.018825608297244834
1915	0.24720597934115482
1916	0.22439575211032253
1917	0.29000068491340686
1918	0.3189646974635033
1919	0.43994744825379195
1920	0.06859754900415
1921	-0.06598496559892127
1922	0.7932319817154572
1923	0.251001837642205
1924	-0.11108464069392188
1925	-0.11589539735413529
1926	0.17554475171180478
1927	0.06933448143699525
1928	0.3679159578322299
1929	0.6552217009938293
1930	0.09309331269326057
1931	0.26856100209169187
1932	0.22823841583844018
1933	-0.06490606877927363
1934	0.5890051204043674
1935	0.4719257314402933
1936	0.7197170076705448
1937	0.3689200835648465
1938	0.6525864139099047
1939	0.7561607622426787
1940	-0.32795312785976793
1941	0.1757667985093382
1942	0.7244156537691946
1943	0.02631035560789116
1944	0.36477798939098516
1945	0.23118810833082093
1946	0.888563638014435
1947	0.534476119042711
1948	0.11940600358830972
1949	0.5832769015710333
1950	0.5360799014804711
1951	0.38102203999373174
1952	0.4851659648484049
1953	0.05867052179380888
1954	0.5816207034714864
1955	0.11997974697096458
1956	-0.14172384429760843
1957	0.6890902585454035
1958	0.7729611654386862
1959	0.658521302006458
1960	-0.08160437109541749
1961	0.45568787356392626
1962	0.2204523287204526
1963	-0.7930388366088774
1964	-0.1845087262065582
1965	-0.028208219677283902
1966	0.05891401827580081
1967	0.4329614934011009
1968	0.6339698000762627
1969	0.08723702315672485
1970	0.2551174037952131
1971	0.460286220947431
1972	0.1825224115860299
1973	0.6341617861952443
1974	0.10020282874397402
1975	0.23018245456228362
1976	0.6834345936881377
1977	0.7076842371220458
1978	1.0675234094371573
1979	0.457258277836211
1980	0.517172652754526
1981	0.9935152443537147
1982	0.5642613073534419
1983	0.15435574320820833
1984	0.5164805347542031
1985	0.8411419595468803
1986	1.2143378783026644
1987	0.8401043783961886
1988	1.3254666405207274
1989	1.7755179935769034
1990	0.8892523748736854
1991	0.4924448077523646
1992	0.22403216286923056
1993	0.26261620321092466
1994	1.0508964442534738
1995	1.6234847952664286
1996	1.2878247760077448
1997	1.4777938398619215
1998	2.1116260374244735
1999	1.554608082177442
2000	1.6131429968480258
2001	2.2972096452444983
2002	2.367524056686583
2003	1.423830486721186
2004	1.681685740250241
2005	1.9645638523975442
2006	2.2988601752898172
2007	1.7434601087745558
2008	1.870108438612676
2009	1.8551530253314845
2010	2.0631983895875363
2011	1.9259485316349991
2012	2.337598858781898
2013	2.101123328978044
2014	1.5785220224297116
2015	1.7463241663233278
2016	2.6011047868289925
2017	2.563751209107512
2018	2.711345525788302
2019	2.5730127842944235
2020	2.7387515635007724
2021	2.9057449170651752
2022	2.7491239310831572
2023	3.1123948177157352
2024	3.247379319022331
2025	2.6597700075524493
2026	2.73379552496373
2027	2.971354790982787
2028	3.3332790107198913
2029	3.57991906331158
2030	2.9285312921991546
2031	3.530737692410666
2032	2.80171796394037
2033	3.2844379853706105
2034	3.34138975377899
2035	3.8859108220458145
2036	3.3782574392749956
2037	3.394169180624414
2038	3.695911152788013
2039	3.7465923442366247
2040	3.9381416727985172
2041	3.842444312654319
2042	4.137184105087011
2043	4.032204218740146
2044	4.020794301332866
2045	4.105943024021079
2046	4.559457702149051
2047	4.59230287744405
2048	4.378260786639853
2049	4.19624616896695
2050	4.884220256385312
2051	4.993944737204146
2052	4.673832264071115
2053	4.664989525978891
2054	5.027785544947978
2055	4.942968173979838
2056	5.40487467216514
2057	5.20269604145243
2058	5.318953128705593
2059	5.494663298589635
2060	5.486064829701629
2061	5.489525351180464
2062	5.285392838983389
2063	5.655835031206433
2064	5.886926412798772
2065	6.048640726140642
2066	5.725955241222996
2067	6.255753339547109
2068	6.488409450062595
2069	6.37545712156715
2070	6.270336890239879
2071	6.153333142369416
2072	6.723009544649856
2073	6.620013006040059
2074	6.863702976701415
2075	6.616786611649372
2076	7.052923452722131
2077	7.117594657656298
2078	7.060464183962119
2079	7.322588550557134
2080	7.122337523595748
2081	7.567283979209821
2082	7.457551094639222
2083	7.153324872092029
2084	7.781671833369492
2085	8.088786323973643
2086	7.543792976935429
2087	8.13621858396452
2088	7.734276779638397
2089	7.8197204516982515
2090	7.972174035850054
2091	8.170438961338352
2092	8.340152595942904
2093	8.484411141653812
2094	8.579644033801067
2095	8.615959222497837
2096	8.705474732658587
2097	8.718716386268293
2098	8.690667063727247
2099	8.92060458157739
2100	8.641180752319709
