Year	tas_diff
1850	0.12037129421855192
1851	0.09875764805287102
1852	0.0649317440696973
1853	-0.1746355472789704
1854	-0.21159215298895934
1855	-0.16292743173506916
1856	0.0011891119580103304
1857	0.030510126115959255
1858	0.08778633767388999
1859	0.031921979374508774
1860	0.03248568839291757
1861	-0.1377089647740601
1862	-0.13925235831377877
1863	-0.07895460486990609
1864	-0.2850638128964217
1865	-0.20701616066445505
1866	-0.11509518197811557
1867	-0.16374646266470727
1868	0.0045150045648926634
1869	0.11525292368194538
1870	0.04524233861092422
1871	-0.061201902102284586
1872	-0.08308919268842704
1873	0.03398021841241122
1874	-0.004756446764941871
1875	0.002082878488992468
1876	-0.012185434439429238
1877	0.16648633271996788
1878	0.0537083493128845
1879	0.014651228436106736
1880	0.1730231604427942
1881	0.036228557811354783
1882	-0.01735110156151698
1883	-0.19942606264816512
1884	-0.10269157903062501
1885	0.08452109414095271
1886	0.07431505933647956
1887	0.07428537804442327
1888	0.012095710409149169
1889	0.07221231768958436
1890	-0.008905945639445356
1891	0.13696141581789534
1892	0.19831817735069546
1893	0.1483156541373033
1894	0.11272431639159838
1895	-0.05158548883075306
1896	0.030268775944682108
1897	0.15991448245565515
1898	0.11118977532062474
1899	-0.06401034359038218
1900	0.0751455228124616
1901	-0.05230807265812007
1902	-0.049589714529473486
1903	-0.07376696526001589
1904	0.04909984285892116
1905	-0.14105125317891568
1906	-0.11964929523200299
1907	0.0387836280100407
1908	0.021136292540239323
1909	0.07678914090805636
1910	-0.01946207063553225
1911	0.058676198911279606
1912	0.062236601106628
1913	-0.09495609925821949
1914	-0.22535353766565455
1915	-0.14354962858678733
1916	-0.06620443656756457
1917	-0.014321611241468898
1918	-0.016942278679298373
1919	-0.11532283813812612
1920	0.13859663381773313
1921	0.0725034767123224
1922	-0.04770459799828902
1923	0.06739976374517628
1924	-0.025608238962939595
1925	-0.1914496514070118
1926	-0.1927061438356035
1927	-0.08160773920012421
1928	-0.14901266611817632
1929	-0.010161830384290166
1930	0.06848438930963893
1931	-0.03677387843038871
1932	-0.03603103121240925
1933	-0.14747104435255529
1934	0.008467788580534041
1935	0.06831912560278938
1936	-0.03315581635277087
1937	-0.11785374650475178
1938	0.01358540454695964
1939	0.0393404045933774
1940	-0.052488946701287065
1941	-0.027727090322659298
1942	-0.006896336420256083
1943	0.10376730030252088
1944	0.05567066566202605
1945	-0.004393325630192069
1946	-0.0942559954665208
1947	-0.16233569156791544
1948	-0.16117031076389382
1949	-0.0674040387689176
1950	-0.09040336056005022
1951	0.0052005879967493285
1952	0.03411772862002249
1953	0.019632517570079666
1954	-0.08299472291207699
1955	-0.15744635317183697
1956	-0.2384980618453123
1957	-0.340843068745576
1958	-0.08110013282302775
1959	-0.1563080837666554
1960	-0.079124067689119
1961	-0.09485091141445534
1962	-0.1933939661262689
1963	-0.3907469495521726
1964	-0.45836271048541666
1965	-0.3219206684540492
1966	-0.2851562215247164
1967	-0.1604808337771037
1968	-0.0956270488269043
1969	-0.04379078505990569
1970	-0.08702348304763263
1971	-0.13078699688655593
1972	-0.05211598747564247
1973	-0.2075225884133251
1974	-0.20469401571971135
1975	-0.08300276993707287
1976	-0.15977454569904007
1977	-0.2002735978628412
1978	-0.12381634103605632
1979	-0.09027840878737947
1980	-0.1725158818793976
1981	-0.24393163386302263
1982	-0.1903582815683617
1983	0.015353724242288092
1984	-0.15712762518034296
1985	-0.33758438944404984
1986	-0.2249632506915168
1987	-0.22498837342827493
1988	-0.16406411922267483
1989	0.006125655863799873
1990	-0.059013740918020696
1991	-0.09312365604369732
1992	-0.28666819427543544
1993	-0.2959349374781568
1994	-0.12797010174020385
1995	-0.11090442644448129
1996	-0.2466719953470179
1997	-0.06442445072350655
1998	-0.2011313110140759
1999	-0.3388282335068802
2000	-0.24777179074603994
2001	-0.39968710526898676
2002	-0.4496682063653241
2003	-0.4153783422640276
2004	-0.3810757558582294
2005	-0.4125227951110366
2006	-0.3510605826750046
2007	-0.19073764435053708
2008	-0.2690863078612131
2009	-0.10389179725488651
2010	-0.15843422856288325
2011	-0.2928389676565475
2012	-0.14849241051604922
2013	-0.18258124927967856
2014	-0.27606859360888203
2015	-0.26060507757767515
2016	-0.1964194119648377
2017	-0.1262838687295369
2018	-0.04681081798517783
2019	-0.2879142168137414
2020	-0.2257683875990879
2021	-0.2574025562402573
2022	-0.1824593692375973
2023	-0.17627314308314013
2024	-0.15662737663449056
2025	-0.14560028561818728
2026	-0.44138406051591783
2027	-0.13754460049880812
2028	-0.13418058811045208
2029	-0.1796895447353819
2030	-0.17722046889010912
2031	-0.1498558219660513
2032	-0.09334134821243767
2033	-0.1556221736226142
2034	-0.20272909220652258
2035	-0.2862591154348859
2036	-0.006795838870480964
2037	-0.0914743147359145
2038	-0.20252312731392408
2039	-0.17892893180413383
2040	-0.1483171909823895
2041	0.0032034324971004224
2042	-0.14792966909312266
2043	-0.10624257327825859
2044	-0.15026978686907544
2045	-0.14631782822374406
2046	-0.11561637087538079
2047	-0.042781618078403305
2048	-0.3137846952878709
2049	-0.29381182507491754
2050	-0.010572047374017401
2051	-0.03699538605131547
2052	-0.10929435247337782
2053	-0.05611451950680468
2054	0.03230917415155066
2055	-0.16745593688837612
2056	-0.14414329723611274
2057	0.03151999534813488
2058	-0.2238219829261512
2059	-0.28817541783345213
2060	-0.00414354154770713
2061	-0.07785801370603895
2062	-0.18592909585516626
2063	-0.14608729505567908
2064	-0.280661488942922
2065	-0.02932183199550753
2066	0.1071542197553006
2067	0.1308209146023387
2068	-0.12493095077522653
2069	-0.10847954321906439
2070	0.006115472339324413
2071	-0.10678196970757003
2072	-0.2634847977117776
2073	-0.3493074006680086
2074	-0.1565765107935997
2075	-0.020514507822836592
2076	-0.015616908053672773
2077	-0.2417023899317341
2078	-0.15376162511194202
2079	-0.10077805358054448
2080	-0.018061614080616906
2081	-0.0929282477594322
2082	-0.34359114377056876
2083	-0.11591418611265158
2084	0.00825348099086387
2085	-0.015887427767345308
2086	-0.16770899947309026
2087	-0.015457622661038783
2088	0.08216324190470026
2089	-0.19655617584860163
2090	-0.023925400747882186
2091	-0.014551845052242385
2092	0.03094880731749594
2093	0.002970634103586889
2094	0.052467050754619216
2095	-0.055625560411470154
2096	-0.044460938569432784
2097	0.045003792878308246
2098	-0.12033559543342598
2099	0.2013343315417071
2100	-0.032388672559522824
