,year,ACCESS1-0,ACCESS1-3,CanESM2,CCSM4,CNRM-CM5,CSIRO-Mk3-6-0,GFDL-CM3,GFDL-ESM2G,GFDL-ESM2M,GISS-E2-H,GISS-E2-R,HadGEM2-ES,inmcm4,IPSL-CM5A-LR,IPSL-CM5B-LR,MIROC-ESM,MIROC5,MPI-ESM-LR,MPI-ESM-MR,MRI-CGCM3,NorESM1-M
0,1850,,,,0.18158740367921256,,0.010120171331968571,,,,-0.0060515964760186405,-0.15487701318702352,,,-0.2846199606135989,,0.08079846988959787,0.042541937425846915,,,0.0876035856954383,0.07292236192881385
1,1851,,,,-0.07262844749956403,,0.035820877546744,,,,-0.016689099692828044,-0.08053294239531184,,,-0.18555356286842567,,0.00032224142860495797,0.05030297753870465,,,-0.036384598381585184,0.09917601440505289
2,1852,,,,-0.08658947580589041,,-0.16737147916122835,,,,0.23799267977602093,-0.10393373155536563,,,-0.1753509820362291,,0.0509368655925775,0.012237088684300235,,,0.07164628227699152,0.028203270408132232
3,1853,,,,0.005081106422164791,,-0.15464746642167618,,,,0.166085592213633,-0.0803181315358027,,,-0.2345856502057922,,0.03479847296828223,-0.1373315899770627,,,-0.021127591862621087,0.11061616749729816
4,1854,,,,0.24630345605450585,,-0.009596465339797314,,,,0.09186037670299727,-0.06860164945650687,,,-0.23088634914750306,,0.002353479372394128,-0.002053449406361891,,,0.00992600128614838,0.1772597031401243
5,1855,,,,0.16268188799452385,,-0.046676752833699195,,,,0.23639830654908917,-0.18667741507949492,,,-0.11950738676658934,,-0.04741253880744475,0.11568499162122481,,,-0.016605076784159265,0.07894352268045525
6,1856,,,,-0.000646662838020895,,-0.16148626838434982,,,,0.07591700096507756,-0.16127165871599541,,,-0.1698669773599698,,0.05896760191094576,0.036370982064541826,,,0.06331866884419139,0.23047551285655077
7,1857,,,,0.1607804698443753,,-0.02281291308957384,,,,0.18593099256157644,-0.04552087069170657,,,-0.13194558718916963,,-0.04669391411912194,-0.041103532487430455,,,0.016740382288843572,0.060766250423488585
8,1858,,,,0.1687820285083096,,-0.05031049994476647,,,,0.1675422247263264,-0.09968187900825305,,,0.01684180911218769,,-0.011862132305774875,-0.08286735368259737,,,-0.1196577776620229,-0.04326366127716652
9,1859,,,,0.08128543586283385,,-0.08411600197441932,,,,0.06524140660027516,-0.14603981821629639,,,0.05334640127126285,,-0.01237198356293577,-0.010664106355500996,,,-0.08179240476002037,-0.03585066920546094
10,1860,,,,0.15822229089721065,,0.03190711563032552,0.20530206444182006,,,0.1443421135990782,-0.1761461119941532,,,-0.04709032866325761,,-0.011566008164147101,-0.004084615492601189,,,-0.06686110681755361,0.14255553955737765
11,1861,,,,0.17057154899167684,,0.0618219265671906,0.2544630511485258,-0.0005735647546694991,0.10243226230959304,0.07299728929153444,-0.13119497057902474,-0.022464072722815902,,-0.08965368293044124,,0.061796666352031335,0.02949836457340637,,,-0.07685538202247,0.13053193040088093
12,1862,,,,0.1784458900821945,,-0.036922429622049203,0.11370688368447887,0.10121588353251987,-0.018117433999122252,0.12041474551380588,-0.09367314830876279,-0.1129444603489881,,-0.05764016101974306,,-0.04177472230600266,-0.06530696313824039,,,-0.13986207077335341,0.04896186945218286
13,1863,,,,0.04627723161706453,,-0.08232324075327992,0.3418135949475326,-0.039777891415887404,-0.11512682600019583,0.16851381714839786,-0.08279421141311996,0.04561783546650765,,-0.020639198809213923,,0.052866165539290785,-0.1529763412365612,,,-0.12966982629013746,0.18257103647600348
14,1864,,,,-0.08826743585325408,,-0.1339710743902467,0.19695121658460807,0.13318675127714805,0.00606965979476435,0.06777344699346993,-0.04643266909549977,0.08544227381538017,,-0.14148585195605207,,0.18419075144497582,0.1182570771209838,,,-0.10579760948641795,-0.007585535958302747
15,1865,,,,-0.03629484376231759,,-0.10646782715779554,0.0439161982259874,0.3110971806128467,0.040416910744182584,0.11163163114154531,-0.08548991076438656,0.24525216408216374,,-0.2807945108609641,,0.0560026238392629,0.2522394925664611,,,-0.11832247020955251,-0.11095541600830536
16,1866,,,,0.2950839689099748,,-0.0753855734727381,0.23707345091798354,0.21937562885996365,-0.1598099523085202,0.16346615318727964,-0.06574502533768144,0.19181903174283893,,-0.14372009656999357,,0.11012915732760908,0.21121250512618972,,,-0.03086304155718364,-0.025833882335377194
17,1867,,,,0.204590518315093,,0.06463454057749013,0.18554291784833848,-0.009930497331955168,-0.11242740845851987,0.173311511703445,-0.18583853867333266,0.26315317787367826,,1.2770984759546966e-05,,0.05512515967456469,0.1279518971382843,,,0.0045874845293045335,0.03819552139908904
18,1868,,,,0.09050180446960862,,0.11352543930659037,0.09583611541827716,-0.08721112824189126,0.08039452510584918,0.17250508522531638,0.09583028203187297,0.20715868796987552,,0.05013719625342625,,0.0586662733953878,-0.08809172729433828,,,-0.0807502052354758,-0.017851984095929974
19,1869,,,,-0.14689444551526137,,0.08122096672990227,0.018172444358016515,-0.12471283417183834,-0.06532691616149584,0.11976535929367044,-0.04541503006183792,0.06691808954038442,,-0.01949909266831093,,-0.15773082804939714,-0.10792178068667584,,,-0.04728150006702855,0.027022534229603892
20,1870,,,,-0.03263642693586429,,0.06907762689557484,0.1989908573320837,-0.00945665280924396,-0.12001030776845296,0.19686307081779775,-0.16923024222255476,-0.10352741756567689,,0.006310206168287397,,-0.03838307577755722,0.10862129977094957,,,-0.1346342506525139,0.06869809374831799
21,1871,,,,-0.07858901044239296,,0.07296501202941841,0.016707649641582452,-0.015620933185859817,-0.1345779749787689,0.2004203415579663,-0.010359744909892832,0.10260217581807599,,-0.11836613562634084,,0.04988057221542387,0.05718125896417236,,,-0.10500732456595882,0.12928371399135255
22,1872,,,,0.03481798635955667,,-0.03239182494894802,0.07449569030297028,-0.03753048032690229,0.15396030161274019,0.2559265172765969,0.05141415778598439,0.04179300038781636,,-0.02922455804372004,,0.03115894323645574,-0.12607747699620178,,,-0.13386600593708609,0.0029949606947945115
23,1873,,,,-0.038908601070493876,,0.12159590072101398,0.020861256535583822,-0.12416199899710578,-0.038032057802264346,0.1581924299817541,-0.09173602424444965,0.01822946590587822,,-0.13141372841308496,,-0.03144621347161822,-0.13019704638016402,,,-0.06438344281452557,0.0028960822594771493
24,1874,,,,0.11872024363409583,,0.24757000499742907,0.02346487999420916,0.0013197010561154417,-0.1364214750102017,0.10651037280646253,-0.0589387345943453,0.09190316267473111,,-0.05675356413281596,,-0.015608372054269098,0.10468421486605559,,,-0.16154635440558066,0.039301713554766686
25,1875,,,,-0.013054725232083411,,0.2529041797787271,-0.1012522724520222,0.005821578453600625,-0.26273101428181267,0.030148752329657982,-0.026164169675904528,0.13904300207289846,,-0.2609759050021238,,-0.03937310781304691,0.13567543349370045,,,-0.11163117429417627,0.21411090789947498
26,1876,,,,-0.04727993055708442,,0.08393501165945241,-0.14757342603818244,-0.06689826668591997,0.06316109701422692,0.13247938832640935,0.09281753726976955,0.12744673124798364,,-0.11324097196461301,,0.045411895746411045,0.10509416471908661,,,-0.1636835815960955,-0.02198626609891531
27,1877,,,,0.06010637468109896,,0.043505839278259545,0.1883232993857285,-0.18946041087885657,0.06871168612881118,0.015621436280347983,-0.03110424556460077,0.11198662545782603,,-0.19477856955327966,,0.10765722384928303,-0.09303034522162051,,,0.06297164170168666,-0.1559294067746381
28,1878,,,,0.19174329671499135,,-0.13666861449749151,0.11781209189864866,-0.06448950461651927,0.24410055088022609,0.10320757443339001,0.03895214538704109,-0.04913826151248257,,-0.17760111416077404,,0.20465135695125808,-0.19323744185092923,,,0.06451638220475067,0.09632698165348302
29,1879,,,,0.16967060443658016,,-0.15076142562830208,-0.025819773533660998,-0.1608690619648401,0.07586615668546377,0.03450291657176077,0.06589909019537428,-0.05640874228566447,,-0.03180682738459026,,-0.06112616227806367,0.16154274565074772,,,-0.16220938442419605,0.16783139575142866
30,1880,,,,-0.11829745005205493,,-0.030868389491000528,0.04110926450138846,-0.2516759560435343,-0.023223418038211804,0.1634260630739981,0.12939845733122585,0.19628501385927738,,-0.059960504170196216,,0.11630569298605833,0.1986746182792219,,,-0.04541579056369182,0.0945022507987571
31,1881,,,,-0.13275062690685674,,-0.028669086055826853,0.19619762215212372,-0.11729315339216234,0.18488054141640609,0.12310734585641371,0.07958303701530814,0.3124002455669219,,-0.17510477417881337,,0.19666976354311924,0.2700392482220131,,,-0.14094847724789952,0.05827367873228675
32,1882,,,,0.08060780100016524,,-0.08691920377919923,0.0418478057381436,-0.345681530917714,0.10783698976474244,0.1433081994074732,0.1014280055694052,0.33880659103425476,,-0.09226955001291248,,0.10256346309808972,0.2357214319447113,,,-0.22269792512356956,0.2513158309421638
33,1883,,,,-0.08574486607206215,,-0.1365644733119308,-0.06659811564856355,-0.3500247135377985,-0.11628890357053832,-0.1584387674249364,-0.04953270521414664,0.14042481956831632,,-0.11021673985406039,,0.08228839491343697,0.0733161055311527,,,-0.08585745891671276,-0.024876791946324556
34,1884,,,,-0.08042467448181301,,-0.03605150303610977,-0.11278744398838036,-0.10673663553190199,-0.17563057450133757,-0.08711885465417879,-0.11830114756603688,-0.051188637544262464,,-0.20244617181634983,,0.08479286845956813,-0.10010199332167502,,,-0.022048613576672593,-0.06079982653269536
35,1885,,,,-0.18487681038875925,,0.14166230819210224,0.13293728592825443,0.014781490227936955,-0.01589488215948942,0.1103310416953944,-0.014168106635645883,0.014336753161962035,,-0.19222628483844195,,0.10085962394710293,0.11435079822830344,,,-0.15706314748557404,-0.02854105195028586
36,1886,,,,0.005807573356529261,,-0.032265486427044715,0.04819129009360129,-0.16062495071319122,-0.032064596850255145,0.02587894969761187,-0.08163239947171891,-0.005281299132467082,,-0.17183692426286545,,0.14067086494483988,0.142112551382521,,,-0.09040174844442905,0.11009951825781815
37,1887,,,,0.3733401323869447,,-0.16344812887658622,0.07914512596989909,-0.16052655141508132,0.18472006238696703,0.10872134435711289,-0.0331024606786305,-0.1096643139979836,,-0.08408212018558374,,-0.09967042718907843,0.13218567970055461,,,0.01088877073981831,0.1882263956897312
38,1888,,,,0.1551844689656474,,-0.1350826079983184,-0.11680956999140119,0.011784323511254302,0.10474298295661649,0.10543751831332951,-0.15676903471830228,0.20565520030034587,,-0.17051408848756933,,-0.07449146995913429,0.09318842807730501,,,-0.001285025614886845,0.144918705843061
39,1889,,,,0.1804933590356888,,0.05368650804557716,0.009446603540567977,-0.07115790422443699,0.011902234277268525,0.051964211729697216,-0.08001952594822233,0.051552394237932245,,0.02425104063491705,,-0.021907121069120496,-0.16483529193210875,,,-0.09368947988615793,-0.09579596278009384
40,1890,,,,-0.14113980394293107,,0.06743994358036284,0.1746494286203158,-0.11342952754423119,-0.2358964753884152,0.03572117656966618,-0.05018196477068796,-0.05227922548408162,,-0.056190772656084645,,-0.13123320942254474,-0.43944744550988235,,,-0.03397549281301333,-0.17821359276365548
41,1891,,,,-0.2828884569687069,,-0.0972696424650512,0.08587383961086759,-0.2045724792541212,-0.20926980958953792,0.17267660189659084,-0.02922699897875125,-0.15674305580867814,,-0.0037289761970556584,,-0.02787460830081842,-0.16427617841824446,,,-0.04202757254599522,-0.29371246227080156
42,1892,,,,0.02759550981332798,,-0.12453857403453705,0.12343413310379053,-0.04515351738251672,-0.07960908106561695,0.049323946743518816,0.010158000504066456,-0.23752395024400452,,-0.14433799702649158,,0.08151994675233715,0.22320002899664737,,,-0.007084091092983226,-0.3271591951901046
43,1893,,,,0.17410773825363826,,-0.16631992723885383,-0.10330311996166391,-0.09559532161950286,0.010944351125043467,-0.025518477657547667,-0.08972143491026648,-0.16240006095440085,,-0.03414207802884658,,0.010902854880944432,0.13286739167701428,,,-0.1360455186883108,-0.08694485611276728
44,1894,,,,0.060411284021576916,,-0.005553129436332897,0.024192987788965115,-0.10989577166144822,-0.036471411392376564,0.05468101290141873,-0.10399705639916847,-0.016055630477321503,,0.008819557576662713,,0.01228486294079243,0.03735983253564267,,,-0.09336207240845965,0.07854644749850531
45,1895,,,,-0.06728416935027001,,0.06729387281139765,-0.12295018665931218,-0.02928630849163435,-0.2043786217364389,0.1593153659407609,-0.09257743344766896,0.15943655698940098,,0.028033822688514183,,-0.02999643203892856,-0.03654260476222172,,,-0.006331284354812519,0.01033641795224934
46,1896,,,,0.18859716079779373,,0.005448499871369694,-0.1678516162259553,0.008316482853615269,-0.5340049799092519,0.060895682133029844,0.025637206554515915,0.161795554508465,,0.008027233862759624,,-0.09588654149510638,-0.13816575896512537,,,0.006545632870745076,0.025300857256410028
47,1897,,,,0.09082605626756123,,-0.03307363792709731,0.05958793976211185,-0.024368302340760623,-0.10289058440249785,0.1586944192424096,-0.04145984831909043,-0.13654235642299656,,0.03255036033965392,,-0.030749147400261898,-0.040279032049292986,,,0.1040379163909734,0.24958259611621003
48,1898,,,,-0.03028852334250387,,-0.04091544483380027,-0.06022436467434911,-0.07432320358907324,0.02124865678990721,-0.01125710363712576,-0.07506499861912086,-0.18492307350868276,,0.04230024063613608,,-0.027431367736398933,0.07343045580163746,,,0.06681761783223221,0.15605131872174527
49,1899,,,,0.049992561424532275,,-0.038499483314543254,-0.1320779660185968,-0.0011548699804626583,-0.17475566699871273,0.11551929318743107,-0.06117499071071625,0.008552771503672368,,0.11542864372441719,,-0.17754650635469088,-0.021999779669925567,,,-0.11477581625192389,0.18646801566038768
50,1900,,,,0.10813878407165528,,-0.16242892168459627,-0.1900978843442966,0.04560783341852005,-0.24548555521111085,0.11574157765262116,0.10885827659179317,-0.08311005357878186,,0.038956798688086054,,-0.10931457691325654,-0.041691280669488254,,,-0.008276810726680954,-0.033200456432768435
51,1901,,,,-0.07055219512026026,,0.021583899710290753,-0.06885544286567968,0.061645982441510774,-0.0529194843234259,0.052955744029154456,-0.0706246813440006,-0.006470129075030959,,0.12002511055023454,,-0.13865883099830023,0.020576931332243156,,,-0.000337093442251149,-0.17967422649358208
52,1902,,,,-0.2667797761344232,,0.024701660800501,-0.011224684636237325,-0.06068799554278982,-0.06229844234214139,-0.07506627621315157,-0.11834503761650303,-0.06388775957963733,,-0.10439450835923145,,-0.06649392937225108,0.12180456300908765,,,-0.1353331480700138,-0.028458621457327707
53,1903,,,,0.016154083897770177,,0.053697242081234664,0.01639814662427358,-0.14421172994705495,0.021347020069825307,-0.04370852121867531,-0.06030247664693335,-0.032952942742666524,,-0.2086952560298591,,-0.13077385170396655,0.01414259672932315,,,0.07207322079096273,-0.08827897359613848
54,1904,,,,0.25653617088275743,,-0.24972344694771212,-0.07167780817245556,-0.09797293414785571,0.11504854319114735,-0.03857114788605359,-0.13460261555959213,-0.10428641631644502,,-0.2186098548471072,,-0.04921594213476377,0.08394920744191844,,,0.005132462122318937,-0.056731562808415514
55,1905,,,,0.08657471065981884,,-0.19949592349510264,-0.03056827214661445,-0.1483419041992426,-0.1226327467503687,0.11645942922174851,-0.1777098929855732,-0.0814183158574266,,-0.23792840872895604,,-0.08769524223103084,0.11723775912883713,,,-0.020139691929489223,0.1172464398853289
56,1906,,,,0.2557387413157777,,-0.20592947921460839,0.0621797755729423,-0.18692821009445243,-0.33222274938374663,-0.02756455374619908,-0.009739572424265935,-0.1612519636322415,,-0.19265999225969674,,-0.10786780924745351,0.03422799860668922,,,0.0039100075023049685,0.06729982759384441
57,1907,,,,0.22895669650265105,,-0.1235951033895131,0.009736474117681915,-0.09223577039048364,-0.04540746432808456,0.0849274513988951,-0.01413550828846244,-0.19345443289814346,,-0.1866597867490164,,-0.08715913530790158,-0.10967351670118461,,,0.07715461160686618,0.07052275571190864
58,1908,,,,0.12104695880608649,,0.1223075331693988,-0.20410460202927688,0.008257011226201469,-0.000685844234721171,0.05419793878185164,0.04561421846695493,-0.12895446629853968,,-0.10202428691003124,,-0.013432242207449208,-0.1601319344074011,,,-0.10172688747764,0.0974639134536196
59,1909,,,,-0.11715327339221858,,0.14581973064232295,-0.028719837701327966,0.01948738424917506,-0.01323440454033617,0.045030711413263674,0.06339401028717948,-0.04959520519944213,,-0.10730794000156241,,-0.036486550118894456,-0.09313596885391648,,,-0.1534015823502304,0.20014449251447425
60,1910,,,,-0.06251091732919202,,0.08759976194844607,-0.02331601742506434,0.0319408187944606,-0.046048783670667906,0.07854099687200436,-0.011427970977542223,0.18815866324065122,,0.01439234639157208,,-0.04229884413297551,0.024448390128857023,,,-0.0670529219634923,0.06673767486470077
61,1911,,,,0.20344199383941408,,0.11007816365056894,-0.2397889549761939,-0.11167478582140226,-0.29540218188805817,0.12588059231838938,-0.09560702171589916,0.13922456709029796,,-0.1346037632646696,,-0.028095849772693533,-0.0744456896950682,,,-0.001365615946090012,-0.024912207890872617
62,1912,,,,0.18353823670831176,,-0.10732139235186755,0.0361120356903708,-0.22232021285005554,-0.1011260467493263,-0.049741465560194376,-0.029995094508862535,0.10465043201878033,,-0.148871596897981,,-0.1195082662218213,-0.10352094394545336,,,-0.03816280996082204,0.10591141285222892
63,1913,,,,0.12155962605643185,,-0.12807612599333112,0.0819560965546593,0.04541997786102528,0.09450789330217726,-0.0403132639710066,-0.035433911340208055,0.3637048959330609,,-0.08396082865628937,,0.04625693460782018,0.027182847094919478,,,-0.10505258630504444,0.04592615740749165
64,1914,,,,0.07453083256740244,,0.008394901058292548,0.10961763980024136,0.042403691683468255,-0.13544746641471297,0.08653648714878398,0.00614846210996689,0.21971142694245138,,-0.1055078869454665,,0.026854894706423327,0.1575045761091932,,,-0.17861915214479648,-0.18613101852677028
65,1915,,,,0.11828342179934812,,-0.07005060828271925,-0.13311039839736416,-0.23035797070584108,-0.11060522946046204,0.09588925201859988,0.04117101373893259,-0.017348804159213475,,-0.12756628612061943,,0.05459469651716854,0.04705746721678095,,,-0.09958841841432083,-0.04734044141915671
66,1916,,,,0.0294930403595757,,-0.21668728188600625,-0.014976434959295348,-0.16048207008180787,-0.17163396415663892,0.08305391959201422,0.08347686164987564,0.09124642064702078,,0.09345627184884518,,-0.02838970289032861,0.050999873388612324,,,-0.0645800892365791,-0.05249545328442813
67,1917,,,,-0.06382067252688703,,-0.07459902728186288,0.01305076566265062,-0.23494384994451328,-0.0972823254655371,0.06770690228981233,0.04929936721097261,0.021884647550551264,,0.04388799907318136,,0.03930996739232947,0.18516295784649925,,,-0.05757271295547761,-0.037536616291663216
68,1918,,,,0.1356379201995613,,-0.1809728406866585,0.05552635276925716,-0.23213333879880552,-0.10852469657767033,0.030161749994084053,0.05104202579201084,-0.1561873886855259,,-0.028260398621805072,,0.13666918274942247,0.10335086508208025,,,-0.15609960139703125,0.06832306611413215
69,1919,,,,0.16958105850420152,,-0.1269524020678104,0.20424209148964284,-0.12717212996519184,-0.08184978176219036,0.016120103334167024,-0.08152551084671678,-0.15995364859252942,,0.02924051058358082,,0.008844391329615953,0.09411116977446622,,,-0.014638609437189306,0.043824201393363765
70,1920,,,,0.02747924617278838,,0.00023585214234447816,-0.08814653242718917,-0.010941376874954722,-0.17840401507418596,-0.03069390602721303,-0.08077352873978508,-0.03982913018348333,,0.10381632722169673,,0.057184314897098035,0.14970945841828007,,,-0.07219331771066625,0.09852917308153257
71,1921,,,,0.13747965418726427,,0.039447264726370584,-0.1367467581477699,-0.22103230199647766,-0.248256098294249,0.0021700520372506527,-0.03782128251973138,-0.006817252981178079,,0.07230682819421791,,0.014455687567915793,0.006181242862327241,,,-0.1847745705876141,0.13308486268176278
72,1922,,,,0.07340883357418262,,-0.23895763914991008,-0.07823922695989582,0.055615683901716596,-0.1679982542341334,0.008770842199531337,0.16313781273544425,0.03445514124351742,,-0.044978206197451576,,-0.05440861611493457,-0.13624958857621722,,,-0.14768290750804974,0.0633657037976775
73,1923,,,,-0.028462246539767033,,-0.30477028416384466,-0.19987623259836423,0.004528632100619295,-0.05218638175101825,0.06769901699612324,0.11067227976132504,0.13865793796649292,,0.0016511333402956518,,-0.15459925391019821,-0.09452544205888508,,,0.035329783423295014,0.08261154509059386
74,1924,,,,-0.2189640666660092,,-0.17389102017797095,-0.09866495927819854,-0.1664817729871935,-0.0388580626549888,-0.0543876743837341,0.09640023316328242,0.14695637011967672,,0.06448331840708976,,-0.18950048139217956,0.0796203077036987,,,-0.09109401315528134,0.02802021596441115
75,1925,,,,0.011542428161951335,,-0.12744479708830822,-0.22524980854751447,-0.27357516512632374,0.07478980566882278,-0.07466242723957423,-0.005467390058533805,-0.06619796812529237,,-0.006992773163337962,,-0.10574534312778602,0.162721578130057,,,-0.06192894988585626,0.061085975973215786
76,1926,,,,0.02408443961700027,,-0.03632877637351922,0.062336362102838855,-0.3044837221863522,-0.14929598850165732,0.13541345610106215,0.13702632891549527,0.057159627663895304,,-0.12987700128705126,,-0.15647272614825547,0.15284384481399635,,,0.02056344888305823,-0.11938064596489842
77,1927,,,,-0.2757689612417946,,-0.06003305717795138,0.08596532981999125,-0.14637342709829376,-0.430313976963059,0.15119310874195818,0.1560128191583165,0.08533772784604005,,-0.1933638321631826,,-0.18377591629142132,0.12381708123669379,,,0.07685970410585916,0.11179287536357291
78,1928,,,,-0.1708820502422534,,-0.1644819929998439,0.026558910863381996,-0.1580222915558907,0.023613796554340885,0.08024813960515192,0.00910465769784441,0.13290493006341705,,-0.12784214250497017,,-0.20809543233876182,0.1836284571028731,,,-0.09690455440576808,0.04486183386160417
79,1929,,,,0.11376518577401855,,-0.2119443025537529,0.10085440280612512,-0.08322785519567229,0.07993491183609414,0.05814107510684502,0.07729807097847541,0.06263271932170614,,-0.1256001055636612,,-0.1575395735336481,0.09997884235934351,,,-0.049699589194634346,0.07381426904106207
80,1930,,,,-0.12148966237361059,,-0.10939376572678061,0.17486234157750313,-0.1389493356804813,-0.06865066553191088,0.04845555945924246,0.03935199793129307,0.06966248010384048,,-0.14685193274113728,,-0.08048749877495348,0.02434811373836926,,,0.06469462303092022,-0.040538631831849525
81,1931,,,,-0.2623064958679394,,-0.03906152788858247,0.003241641542457513,0.019186623408736406,0.2106011036949874,0.13784412991214717,0.13072959989077865,0.04200587396369227,,-0.1403668086256024,,-0.15464786969259825,-0.20183362899737245,,,0.03261893502557703,0.13977263968977896
82,1932,,,,-0.02747730766228293,,-0.0655776432324976,-0.01927444590475,-0.007631222508595867,0.007901256904070675,0.060034815754122284,0.1163742283087946,0.039625404367456145,,-0.3139557075013923,,0.024470965382683285,-0.46175072721567323,,,-0.0528489169645234,0.04953364581846012
83,1933,,,,0.14432308884645106,,-0.001951627810124118,0.028283060265171966,-0.07700987272661769,-0.3114709064279581,-0.10847873440949674,0.06946609765989142,0.010018688576622845,,0.03789180412028054,,-0.051838543865208586,0.09524741541042514,,,0.08714581753892614,0.10137652015103413
84,1934,,,,-0.008622104387154134,,0.04589025334457891,-0.04655895837807569,0.09599420151782705,0.11845412602624605,-0.004312033170862428,-0.04107554081392506,0.123417140790603,,0.12664655445608863,,0.059038787040925,0.33272872430474076,,,-0.02001953670224768,-0.06908399119995165
85,1935,,,,0.25324888776127324,,0.021599104423694393,-0.18239848269588782,-0.04157506788881077,0.14468440261164578,0.08073037276696626,-0.015556391351744914,0.14669376796294226,,0.28008614756249034,,0.0024492344968341517,0.11842249140449362,,,-0.21244015028766366,-0.21590786643401277
86,1936,,,,0.08139783041355414,,-0.10155111510512904,0.012034617517403534,-0.01683332451439365,-0.16251409156801078,-0.0073374787126007646,0.09163714545406398,0.08954647455987869,,0.04013650530652435,,-0.01750144564726372,0.10865774926351812,,,-0.03247223409395955,-0.02415192853023365
87,1937,,,,0.012495528266625866,,-0.20336462604041428,0.0282784922637032,-0.11216499437360761,-0.4698400839326925,-0.04772514225529245,-0.02952690049725326,0.06029750569237233,,-0.10107023133155174,,-0.16630519852941666,0.05158024307989245,,,-0.03648656365333633,0.10191995028435887
88,1938,,,,0.010783642121287185,,-0.04533505326530954,-0.22485125474216533,0.07861782719876687,0.06010768581109206,0.01664151772912209,-0.03218353951868791,-0.037136037301485986,,0.036825436089280905,,-0.08780857497863578,0.035243583700706654,,,-0.03090792583596677,-0.04487429064772333
89,1939,,,,0.003590542285553555,,0.10832778057222531,0.10751267469916503,0.2659816223632068,0.2078348223981834,0.116879010301153,0.18600970830834332,-0.11325815882944437,,0.05291956113306817,,0.035858554682976995,0.020650679477754175,,,-0.07074159636810562,-0.08636287567623283
90,1940,,,,-0.0639787972982443,,0.12159922978558105,0.1255102194021241,0.044688899759681655,0.08273520704649237,0.08908890163910982,0.1839400103632137,-0.05553388761470507,,0.019875255385686186,,-0.0742031369816164,0.012201504794743578,,,-0.012816903917532763,-0.1443302483040621
91,1941,,,,-0.03713887397673343,,0.028629915129567474,0.07408479263444209,-0.1514948115739707,0.07841483294785526,-0.09304961042413029,0.12282680128472862,0.05745182797809714,,0.0006915944549324426,,0.01571300292146119,0.13879046538328935,,,0.15054415883767153,-0.06568461615026594
92,1942,,,,0.07610344160789512,,-0.034862979783563675,-0.03247083126367343,-0.021814505242161247,-0.17145206814227953,-0.123758294461706,0.054729364556258986,0.1732353371982834,,-0.04120320838257696,,0.07590792105931154,0.19465196159445003,,,-0.06870500336241295,0.06468442084514478
93,1943,,,,0.021228394830274666,,-0.17080741366102586,0.018892750122435048,-0.013400230328782903,0.14689463436426345,-0.06948084245322256,0.15411578106003646,-0.02330881425020212,,-0.0758247016812778,,-0.06350897239014258,-0.0032177936008375707,,,0.004758122586045535,-0.06917844305451226
94,1944,,,,0.05585023010501727,,-0.11772050618688062,-0.013504820224951282,0.2028387304226057,0.2091288494395913,-0.182001099195421,0.1397114440091345,-0.05523217307104342,,-0.08556124894279188,,-0.15295974616043045,-0.043923525739424346,,,0.02606000281847292,-0.15502916333969322
95,1945,,,,0.16123423630213568,,-0.1502300947702062,-0.14905794792116628,0.18197795691525498,-0.24938688754730004,0.03970978402633002,0.08207135588868214,-0.1549115450346115,,-0.007732138291738577,,-0.07560376137344593,0.1037645226951898,,,0.08466145961323127,-0.03935320074884425
96,1946,,,,0.061702116844085275,,-0.11515288870699936,-0.005489254294227943,0.2725947558622808,-0.07793620315743921,0.06340848589475445,0.11389688743514959,-0.25761569696754893,,-0.10750723556105701,,-0.13115637730540633,0.1243599178564127,,,-0.043499911271924235,-0.033619080443856364
97,1947,,,,-0.025718336562673416,,-0.1818996286455783,-0.12205805453080401,0.05090689260066031,0.08202322199281314,0.013627798273123382,0.1823407449926084,-0.06366009825773014,,-0.08234851987859027,,-0.09373849499690187,0.017351182482213345,,,0.06617157277727605,0.07507971452739579
98,1948,,,,-0.06986399756762168,,-0.057172272829182136,0.08334663795970663,0.18008397452639457,-0.11940883447531514,0.008565898733446653,0.07464851475399492,-0.06113527995505433,,0.01025100905553511,,-0.14925785560456745,-0.008590526647744623,,,0.024841007451748914,0.12457026778333337
99,1949,,,,0.15360379668573637,,-0.03180716671135059,-0.08953628502577038,0.26325187061141275,0.17429951720313633,-0.05569727033344729,0.0060973546177916504,-0.05050280564185386,,-0.18919867649537692,,-0.09965876031664095,0.12008138886706224,,,-0.019173520396145338,-0.06109643227688055
100,1950,,,,0.18231289246431642,,-0.1520802262325967,0.10985472897306992,0.17480716134540275,0.18502745901233164,-0.03282864179276862,0.19044708985041992,-0.0014338280231269707,,-0.1699348325202884,,-0.3219589262780001,0.012196609302214168,,,0.08983501583560412,0.16181659620225441
101,1951,,,,-0.0260569167439898,,-0.10224818968593136,-0.1190675809400979,0.2263312947222333,0.16679418355554151,-0.07087982657871267,0.1606962011709716,-0.05358378492588006,,-0.16512758453879883,,-0.21035716474540023,-0.1646352288844174,,,0.16975855707174517,0.07526988440863089
102,1952,,,,-0.09203093135209062,,-0.09519207051793294,-0.057468012765670595,0.26711048406778093,-0.22438781155625007,-0.02828027375331582,0.14350387091914796,-0.04658493673646402,,0.0248906485049617,,-0.10867393255432359,-0.3633397489693734,,,0.19775203264202632,0.06712779277054737
103,1953,,,,-0.05060918790873359,,-0.23605732227186338,0.03172455070260993,0.19421770389088114,-0.09256677717212677,0.04256529753086791,0.10843892631504337,-0.15408361563730566,,-0.0558741963513717,,-0.07737627259737145,0.004085590246759335,,,0.06225736003327123,0.18133397836907905
104,1954,,,,0.02338105880849939,,-0.21421713860840141,-0.051670186784701505,0.16594966545236872,0.010261707791144048,-0.05873270497453026,0.03869879936916859,-0.23274264253132496,,-0.13403657898996735,,-0.1042987606039151,0.191212633135466,,,0.01835939953323157,0.32286096296258904
105,1955,,,,0.04926855693895532,,-0.16434252433029461,2.555958545257496e-05,0.14671842209821606,0.13058871476188338,0.03585721084248611,0.020040374949716222,-0.052984303809403104,,-0.021008026528425816,,-0.09014726154642472,0.09112906702387097,,,-0.022828576713772114,0.14741256748484768
106,1956,,,,-0.0396986617274227,,-0.13246900893317481,-0.22768605547409335,0.1284861355455313,0.13116663200695014,-0.041009851463793545,0.15151136870576198,-0.024162961218110443,,-0.038388270274316016,,-0.07762185742063765,0.012032336887608158,,,0.058151181890744946,-0.02582254539216361
107,1957,,,,-0.08542473704292614,,-0.11430716652074485,-0.3319345746370722,0.18075606060009192,-0.12827834367149493,-0.032521912240140505,0.19680797432960923,0.00947216572131997,,-0.018876824502660816,,-0.03391254992631462,-0.013422310936550219,,,0.14908786308176764,0.061572633673158905
108,1958,,,,0.03257156088210966,,-0.2047075172056435,-0.02308297388196795,0.14883977617754307,0.06700181424041676,-0.09720771980505555,0.2255669894341415,0.031156439802258636,,0.14178004129517213,,-0.15844011732793808,-0.052122597507958224,,,0.11808127622546824,0.07128967414813528
109,1959,,,,-0.043226030869462695,,-0.13990100774442205,-0.02898745009072745,0.10460850456187541,0.18844674427642766,-0.19293687759348216,0.16154146654949897,0.12729629579857057,,0.050798391667193465,,-0.10043315029354558,-0.17782317499405736,,,0.03956444490347735,-0.0013131068219569553
110,1960,,,,-0.05210057980963784,,-0.21274693385358373,-0.030348272633844403,0.18678501042872672,-0.14694224311202014,-0.08979310074470825,0.14060982455261795,0.12887859872128218,,-0.2305507295581395,,-0.0632945615399941,-0.3784021107787666,,,0.07450118028085778,0.09469768759040598
111,1961,,,,0.1288938726751382,,-0.04632742278104096,-0.10446589889698277,0.10292698303755893,-0.2867772280086466,-0.02324326363757412,0.10673002828584727,0.09237854705948115,,-0.2513356729560906,,-0.1404670012813089,-0.2917177854226408,,,0.02744731144237278,-0.01334015691321061
112,1962,,,,0.15568267190486768,,-0.013295355786968222,-0.08061786431810758,0.10354874381707269,-0.007555540996095567,-0.043439616600629505,0.0868748542065807,0.21741611336509564,,-0.06320019943131,,-0.17341741582490638,0.15525063803690428,,,0.12737958051614318,0.11863492496614428
113,1963,,,,0.04928712329342057,,-0.10448003351978674,-0.16218722510326683,0.04132339338579602,0.059616960294611915,-0.10381875971024873,-0.04370822681055603,0.28453159948846163,,-0.07774112968836011,,-0.24679842349952497,0.13652347185877467,,,-0.010817359727104792,0.0011165457697413367
114,1964,,,,0.02130365311158866,,-0.18989274389169586,-0.029489096250126523,0.1995378054388926,0.14150828226828197,-0.08008673848902373,0.004176087697089159,-0.01103467285534751,,-0.13584365994357012,,-0.04208168118519953,0.13517055966358738,,,-0.06073311857228758,0.21067819796168896
115,1965,,,,-0.0487136880048617,,-0.3211352284992597,-0.11405855147444555,-0.02313170798271045,0.12025840046573252,-0.14838440094239463,-0.016077109600453277,0.05751032269354864,,0.008465237683493554,,0.031972535474396525,-0.12971419224542013,,,-0.07001995123549272,0.10841856934495
116,1966,,,,0.07362351427357783,,-0.06943958921513092,0.04091321797141689,0.010222361923370523,-0.21555014245477724,-0.18420284514710608,-0.04245189008252481,0.026253279907431815,,-0.01191177427550344,,-0.0173495428015314,-0.4735583237318551,,,-0.0318979901482605,-0.027755534234172097
117,1967,,,,0.250795216527193,,-0.049173908711189804,0.03644363525927552,0.167212893733174,0.053974118194613376,-0.16183101539109523,0.042100927727296955,0.1511296327607687,,-0.09870504504334143,,-0.1691253935714392,-0.09205112472733452,,,0.05199048779979956,0.1645784431941743
118,1968,,,,0.12581207059606647,,-0.13451405129690297,-0.020618919812916192,0.21503263802345302,0.20587590606169406,-0.12756259935290631,-0.03171192707348025,0.1088670817417046,,-0.020480314472375027,,-0.060310458313052324,0.1804300059418477,,,0.027871813275787582,-0.008860127753908154
119,1969,,,,-0.17709295861264807,,-0.14885193394021817,-0.02742133868204999,0.3283537065005489,0.2543218268795894,-0.0013000519273877464,-0.052887667654656356,-0.0024496038881052385,,0.01742572680087806,,-0.09558672322014311,0.10751513801750229,,,-0.1436042443348206,0.12843692873667456
120,1970,,,,-0.13882157000100592,,-0.18302143746919367,-0.03740938808396388,0.12972305175810617,0.1634731905027596,-0.03613121149173765,-0.016436325057199774,-0.04000213856671918,,-0.08773597871381494,,-0.03549738937107488,0.017605837813083076,,,-0.10426243100871116,-0.07063819906449553
121,1971,,,,0.145332766031403,,-0.10032786552845069,-0.06143078895488996,0.1828252977522568,0.11591971693832948,-0.06483219933391704,0.0021228931393911243,-0.05003816628135284,,-0.07558137431874018,,-0.02100320074625077,0.083823393222953,,,-0.14453011223049517,-0.06126832540733693
122,1972,,,,0.1085041671345286,,-0.17146252393054368,-0.005826057319293476,0.1805641053849581,0.1745754104398118,-0.03655737572672868,0.21080049792545152,0.014323998981936183,,0.00974025765293951,,-0.04675832961294692,0.18299368260862192,,,-0.07517748524219312,0.14236397337325227
123,1973,,,,0.16172866372414907,,-0.09629054429756446,-0.053666811123641966,0.15527321292242885,-0.1770949637760002,-0.050911964823847744,0.0884952565216689,0.03239902572664785,,-0.028922732269941354,,0.046009140250696676,0.2609894979754463,,,0.005304320232399962,0.1858694176772066
124,1974,,,,0.09621002902164161,,0.08562077350556555,-0.08931204768698797,0.3461547409447996,0.08254661284880582,-0.10850800306393349,0.04343377724304087,-0.0832215036638304,,-0.06828044683772938,,-0.07834151136591372,0.21348798550749562,,,0.0959267925759639,0.2615204272998679
125,1975,,,,-0.009943122440613683,,0.04779143603324337,-0.22067443102408046,0.1519580471523265,0.27258048306346416,-0.11981711234134856,-0.025999842399410333,-0.09562801512398678,,-0.004492520160043312,,-0.07145451980176756,-0.10348990841108,,,0.04163349238531616,0.2777469180961931
126,1976,,,,-0.19606736704234184,,-0.2673191126847313,0.019256243233094328,0.0868936851542488,0.24047749523739598,-0.02412544837593611,-0.0547242745209382,-0.0996093000244826,,-0.0712344510091123,,-0.09206235341219635,-0.33453472640729875,,,-0.06708359620519033,0.14467530281551078
127,1977,,,,-0.04700670287986952,,-0.12585915990924923,0.1097594507801754,0.37333416817932596,0.09940614988527757,-0.05520685159254157,0.015273681847239429,-0.10002329815895811,,0.015501329259955288,,-0.24746623109373905,0.11210574687944211,,,-0.17412116421954718,0.03555424147415681
128,1978,,,,0.07766525446384909,,-0.03746285343645503,-0.05881799183167202,0.34702229276047936,0.08051571840446398,-0.07368807245671005,0.1083791196564648,-0.10270727938634655,,0.016402137291213092,,-0.2656565710756994,0.2998886894124757,,,-0.08867712048980256,-0.07008493043061453
129,1979,,,,0.10932640624787016,,-0.0024105515030437286,-0.21748001585477159,0.31728405598550413,0.2253276832395063,-0.003499846657059602,0.1262107217595485,-0.13144714019544707,,0.17165962673136537,,-0.21364630847202762,0.20208800097334517,,,-0.16111332190268723,0.09563645763241824
130,1980,,,,0.055058467506511666,,-0.2757994156719255,-0.1719015684624276,0.41975012524629646,0.14323811056127722,0.006389520665782911,0.09741024944358545,-0.12549726762143537,,0.2223350275144187,,-0.10099686179764478,0.10904843609569587,,,-0.08768404267796778,0.11480352676534206
131,1981,,,,-0.0145274784449696,,-0.13394747563905532,0.05294240401482156,0.18483273281564905,0.341477644780863,-0.047472435844107874,0.13805077584102632,0.048094511403399376,,0.22811424284129733,,-0.14595675995914864,0.10521453338074685,,,-0.07590306195542473,0.08318076559322846
132,1982,,,,-0.12256656663629617,,-0.06778334424157409,-0.057343848554016336,0.26471986760383603,0.11624066014211437,-0.05453900768706765,0.05168136602673967,0.14288033399265654,,0.03858303927438045,,-0.12397350015203529,0.20712625866030443,,,-0.08756777872704702,-0.020102474090779088
133,1983,,,,-0.08968345296804942,,-0.10715675968763952,0.11064159946030816,0.48747176801835196,0.025055597667440976,-0.07984611488220378,0.10869505415698122,0.08949499351642566,,-0.0645692406202596,,-0.0885235559408557,0.34828920356108495,,,-0.14068739337957875,-0.05510993097209363
134,1984,,,,-0.015701383156937587,,-0.17739687289272382,-0.07809957084275543,0.33917443409973025,-0.07409497857288155,-0.12467861374185651,0.05607547445883093,0.320531084827471,,-0.05629481229495392,,-0.13583556844676797,0.27712227516559096,,,-0.07039077152744172,-0.10165677909150728
135,1985,,,,0.13986358988975,,0.013243519383327601,-0.08967454516259449,0.030955969218947943,0.24526618527465155,-0.029229902796972462,0.1311040525610373,0.02411388483774734,,0.1472204205886336,,-0.11631595360275385,0.2193895087736759,,,-0.13924623196590175,-0.09367651707777802
136,1986,,,,0.001869400115569242,,0.07199976958760523,0.07577581792801757,0.019492480434997905,0.16282851532975035,0.009137736756140269,0.14370812510486303,-0.09265002027343648,,0.038877427093185646,,-0.18430875619054515,0.13113370148118234,,,0.06412637882035266,-0.08717637283211255
137,1987,,,,-0.08316962123879612,,-0.15705651837547027,-0.12624634677288854,0.2493185498914302,-0.044243212274870714,-0.05361935880187907,0.15482404107544356,-0.07291175540886574,,-0.017748890178013732,,-0.17677949105846769,0.05594443026294599,,,0.030298602238385708,-0.09636413650022524
138,1988,,,,0.2159419992956012,,-0.05130274648363792,-0.07328556730119035,0.24238003351695075,-0.20073478629938007,-0.009400117403959185,0.12431441765533213,-0.031414191697967275,,0.08733257075757539,,-0.16403206014910066,0.2061126587853299,,,0.13946110418200397,-0.036329591251865134
139,1989,,,,0.2987310382391666,,-0.052885644208991,-0.11927723491744714,0.39456365814733707,0.3639754690393224,-0.06453180971984018,0.17275233813056545,-0.1225866595276789,,0.005593244158005106,,-0.12880471229853246,0.24973531137101096,,,0.004222008976131952,-0.1735849843648356
140,1990,,,,0.18032771192415664,,-0.08512545746429967,-0.0011018986432742295,0.2725971320352777,0.3452008151483035,-0.08511657622554958,0.08787735530063889,-0.05007016873378706,,-0.05466680924200973,,-0.2849462664934395,0.2264258882624266,,,0.025784099051659404,-0.3222423042057873
141,1991,,,,-0.1937807133069288,,-0.2868977550372388,-0.050863734762041875,0.05793254450244678,-0.07695571215729546,-0.22747282919343947,0.12190047943473681,-0.03033874059898406,,0.04439154944235557,,-0.21301424144742304,0.07075553123306971,,,-0.12252345587728503,-0.25677968749646335
142,1992,,,,-0.11630416498026419,,-0.22226769842641328,-0.08187944100129774,0.3258275851346271,-0.2612248350572158,0.0038367043450120986,0.17647157742677388,-0.041487183606259734,,-0.10784740101378931,,-0.10714941613607507,-0.007619541499292504,,,0.01061261713356601,-0.1148886887999786
143,1993,,,,-0.23060930789440748,,-0.17539255568751005,-0.01417388144984838,0.26573288947527085,0.12036012810074945,-0.003917239712665221,0.04893432485243293,-0.08391660149393469,,-0.20605129777946152,,-0.10658496109979271,-0.36321972334747044,,,-0.08614679904623801,-0.08460790882898211
144,1994,,,,0.09081886912865589,,-0.0364748895339293,-0.026338426258280395,0.22080423395138488,0.2141135918990803,-0.08853361243907909,0.21731025927710962,-0.10607102118991066,,-0.11748215486990599,,-0.14663558926547976,-0.10531065847358465,,,0.0707559370940885,-0.026460264833211622
145,1995,,,,0.24476404913737904,,-0.027818230760911333,-0.005220736669059423,0.12905123630585935,0.18793250962529662,-0.08857177392048676,0.10388786139189099,-0.0943026059990639,,0.05526069847738413,,-0.09194215307768716,0.1661767318008129,,,-0.02082136253974115,0.018509924861461413
146,1996,,,,0.3575406147299367,,-0.02520769214729368,-0.032884417685338826,0.1285878422130875,-0.24367385910278783,-0.0863824392527417,0.22705847493394904,-0.2976282524639007,,0.02013576515539328,,-0.13526738694617624,0.1605535837135756,,,-0.06418942553456886,-0.03487969409817715
147,1997,,,,0.264202246228749,,-0.13411805940162447,-0.18028370776977426,0.10324979555200631,-0.20726913707629058,-0.02423651069005084,0.3821553335623138,-0.23880102971383832,,0.023593729238603922,,-0.2567742502972664,-0.015119248659137385,,,-0.010861059139706086,-0.0542976272320258
148,1998,,,,0.025500260163878075,,-0.1962615567117944,0.02846973696228601,0.15086014882242405,0.1335078107190244,-0.029750097676058407,0.2729623602082425,-0.19269094871621767,,-0.22123761661815,,-0.06175560039438044,-0.0031285274650354467,,,0.029058407559162225,-0.06165703601824141
149,1999,,,,0.1402042445054248,,-0.23736097085013486,-0.1293286431835276,0.22186755219988163,0.3271283040382439,0.016740538175184616,0.22974349741989242,-0.2389370134345892,,-0.10812633956751982,,-0.14364900951848747,0.01952586746831486,,,0.10544235662569301,-0.20953500800823976
150,2000,,,,0.06429793675070217,,-0.22242770669661066,-0.0250972189772804,0.27713403689410665,0.12477968063884803,0.1265582942326926,0.34152563396001345,-0.13926430897701175,,-0.10967536733990113,,-0.19063628270186295,0.08722644672432245,,,0.09161468026070385,-0.12395550312407944
151,2001,,,,-0.08840582447592182,,-0.17921429361247032,-0.015340747595371462,0.07275763883771758,0.03836813429132513,0.09282939086418329,0.2738281926001094,-0.13507231690221083,,-0.08731863786738803,,-0.2570816123153442,0.13919536875004912,,,0.09093063704649113,-0.09650444027459582
152,2002,,,,-0.14685070215598905,,-0.11086415527967564,-0.05840325057910267,-0.026064718502270212,-0.08480783240487677,-0.04772768587743581,0.28929422591921017,-0.0680964474635633,,-0.05398507209450765,,-0.11685021706220733,0.10261025509108568,,,0.09499876806660867,-0.025256505746367064
153,2003,,,,0.10369614265832316,,-0.18248521167792164,-0.1108867065984353,0.17333625858844104,0.30018782871390814,0.07836843686125516,0.24274866856609534,-0.1608657112823736,,0.04513225307696356,,-0.10987174771969033,-0.014990916324133852,,,0.02659926835981996,-0.037996567902772505
154,2004,,,,0.10030547342733209,,-0.1351139920986495,0.06143128212713006,0.25437850100548554,0.2666284328439711,0.04004101110178948,0.21281363949333498,-0.04613172220749162,,0.007076143489881392,,0.07520149279503408,-0.2567352677308592,,,0.03314850265590619,-0.21062698726016915
155,2005,,,,0.029120594965244884,,-0.2658623842188226,0.040516411527653284,0.16515774183946885,0.14932950351427754,0.11216823156862543,0.2531799999511949,0.05629556357623322,,-0.04134205267203672,,-0.024657816398562016,-0.2521782549339131,,,-0.030852042922278056,-0.1926356866386736
156,2006,,,,-0.1640897856302861,,-0.08650295097849192,-0.17148730154358988,0.2998105287561921,0.097983229139043,0.04614269509779878,0.23136433053068495,0.0746748266817111,,0.014058353384205358,,-0.014257106976369949,0.017370213292687398,,,0.03321159916248462,-0.21332858954250944
157,2007,,,,-0.14137978491412695,,0.01589915058700042,-0.08653037409653963,0.3170820454157637,-0.1212718100215433,-0.049224945988166846,0.1734455399878263,0.058306919514849787,,0.0830519849954583,,0.01603835732289305,0.11133434966458478,,,0.07195977807405307,-0.07594405956210781
158,2008,,,,0.08467531442892562,,-0.023613234185238974,-0.30013097285108836,0.25196163008161365,0.31899106938740074,0.04021174900175395,0.25377428065706975,-0.14053867628429184,,0.12490200149414044,,-0.08359120165807354,0.04618061828845077,,,0.08830073876156419,-0.10377108885680797
159,2009,,,,0.12589047281236532,,-0.1388225398578431,-0.2767151595373577,0.2494923160331608,0.22339694458941617,-0.07926941372511953,0.20808051145633133,-0.15367904797755827,,0.0966908968199347,,-0.0853525747687327,-0.03310208074111354,,,0.025019376101780733,-0.09070746740715718
160,2010,,,,0.18168416681803978,,-0.23008447580942615,0.04892563527474092,0.12360066782746482,0.3368114977064811,-0.01997334073555601,0.22476697847451899,-0.19880159767532624,,0.040762116523505476,,-0.18561619176090371,0.17089641067405437,,,0.09399355400112108,-0.16962124848856563
161,2011,,,,0.14877734711305113,,-0.248704355820614,-0.13603448560608833,0.2346043403119391,0.08101033662765933,0.02980080521951045,0.20530378413541905,-0.19279237655512038,,0.09717918799601022,,-0.10478438257283662,0.09498975452644154,,,0.15456696868971997,-0.1524085864484528
162,2012,,,,0.17304893158713752,,-0.15928251558525053,-0.30086710299791675,0.27446660318441785,-0.09909513453183272,0.07575654639507312,0.13357039883670807,-0.05396330165262653,,0.08333829843939089,,-0.03141099073943021,-0.17131881842756136,,,0.1211114039704041,-0.042263161104560854
163,2013,,,,-0.010728904558941599,,-0.07901937865269526,-0.02233225308142861,0.31468527535458923,0.2811815755055951,0.08996145003980738,0.14898548434868042,-0.16257394908153033,,0.02437123838847266,,0.08456280872608213,-0.2713893606232859,,,0.1512825689081102,0.03717871620091939
164,2014,,,,0.11578431496613772,,-0.16094268733528927,-0.18176009497535284,0.25010659044207983,0.10250746468900174,0.073254537048552,0.1391316542127352,-0.14168693284362444,,-0.0190821114099764,,0.056048913986139426,0.052083343419938255,,,0.13543813905451796,-0.11106611000268651
165,2015,,,,0.10190704514670346,,0.17655162967762084,-0.25449195811932224,0.14240816981921733,0.3308337968713646,0.04717285799787474,0.1298834529701589,-0.2208497026221764,,0.059759084241136406,,0.2005239828141907,0.3870404640375855,,,0.21922259477712625,-0.05350534518458594
166,2016,,,,0.018486722052271087,,0.03983146217864819,-0.11897629931026155,0.018678530455195297,0.38469557607206784,0.05068796344243176,0.06712258600709786,-0.20298882911846627,,0.06685909702933235,,-0.03798295691556475,0.2543484435749561,,,0.21324258559899734,0.008806643504957301
167,2017,,,,-0.016391405836846173,,-0.016410897845068773,-0.08318972178451822,0.2256029054386115,0.0989625861458856,0.004397977650377527,0.10252148261356497,-0.1117696633426124,,0.03818512828472054,,-0.23412088489350524,0.12637563130204876,,,0.2504020370868846,-0.029490922202198067
168,2018,,,,0.014499228688820365,,-0.15609336914234695,-0.12150903270506253,0.2505287512477319,0.13397533349349378,0.029328978166756725,0.0931329896538795,-0.04073697678537236,,-0.06894237155682714,,-0.06889068494157469,0.14018449329748017,,,0.14104749496627367,-0.14793302958705068
169,2019,,,,0.03963368360944042,,0.03607439322485617,-0.1707757616952198,0.27693249630173833,-0.11539873316197435,0.005485377723020157,0.3175505370241458,-0.11693290073823204,,0.03644421209200077,,0.016082599691599198,0.18420336956036354,,,0.15266466218141395,0.054812152420331994
170,2020,,,,0.04616818927141475,,0.16688104885917332,-0.07082805414162763,0.23785945978770218,0.18934236002604732,0.010922439561674935,0.13318287526593608,-0.09901566134737427,,0.099645906857595,,-0.04933511287275283,0.2511573259492077,,,0.08387281116120038,0.07027228696546717
171,2021,,,,-0.0702528974877954,,0.09571415906488512,-0.12799424825033345,0.027747682717661704,0.2687392640156402,0.08834065532028901,0.12079386528204039,0.12959488936137253,,0.07860081469395874,,-0.059853994688733536,0.015025206508080924,,,0.13774183485542013,-0.07386933173548327
172,2022,,,,-0.059647796776484574,,0.12818024154052876,-0.16765348903167787,0.23591533907243134,0.2125588029718024,0.024132231676947447,0.13026680706492466,0.12926824662862146,,0.05842866008347847,,0.09537800545084063,-0.1276177707011057,,,0.17143026452694377,-0.12909396809160323
173,2023,,,,0.1134808881506475,,0.011936520481103496,-0.0356608238655749,0.1094202289220697,0.1392058997157828,-0.033063207250936255,0.07514338307959356,0.0036932967271703365,,0.08957796519798888,,0.07139562133090127,0.10583030497382329,,,-0.0007633196961887023,-0.29803670402620197
174,2024,,,,0.15861909744616298,,0.0441608679076787,-0.11441973927974902,0.27656550579994166,0.029024152315479945,-0.07253034989645357,0.13881608478368856,-0.06453429430807267,,0.09136193771354639,,0.0160083390016883,0.35283098724204853,,,0.10356480193423612,-0.2656135259588842
175,2025,,,,0.11750198979209614,,0.12966075993370596,-0.3313218989729848,0.40927642835659883,0.2128072459496888,-0.11200264649655134,0.009655121317792892,-0.1308802768167583,,-0.049618875546671326,,0.13474036232698183,0.31106734090986876,,,0.07542062039731312,-0.10294693048402082
176,2026,,,,0.061939222715773345,,0.10806389747728662,-0.11279259867482228,0.43867182964112383,0.16121674013194465,-0.06742661622125867,0.16972582182978413,0.021149307491077796,,0.11574557234089689,,0.004334578059670635,0.28030683674871515,,,0.1279533984780652,-0.17652067056770027
177,2027,,,,0.18782229240958692,,0.1505981139361774,-0.2243501245310192,0.44366208345791147,0.031247826232123632,0.10232786840418817,0.1217558299413879,0.03476898019027197,,0.15123151148809288,,0.006601771576898896,0.06930223780818179,,,-0.0042210638237223375,-0.12498235169751781
178,2028,,,,0.16721166239839436,,0.2723010495434419,-0.06330126666998681,0.2710145403574191,-0.09136190392810084,0.033159441256926714,0.08802397984164245,-0.1649355102407053,,0.0953554131891825,,-0.05544749181717057,-0.13538017432978133,,,0.15034473318176866,-0.05350211684792483
179,2029,,,,0.07912724241269298,,0.30031018879810034,-0.2321382236337668,0.39531344153218506,0.4552550710408034,0.010443356873644616,0.11493738630290218,-0.15560350350348306,,0.1241250985546074,,-0.09602128773771312,0.24886256668030737,,,0.06798631350545015,-0.20983518624118935
180,2030,,,,0.027634219247941516,,0.29625498243904513,-0.10656971459937337,0.34450153442136344,0.4385251043811198,-0.00362114159052207,0.12524177836562145,0.004062920418326232,,0.07230268997525702,,-0.12281680943886841,0.45164946745911805,,,0.18367750876072175,-0.15983704874337978
181,2031,,,,-0.10423036627799798,,0.17963650647924645,-0.29816690953954694,0.28046375281290825,0.2257558150612069,-0.018963748688076487,0.15496159653576913,0.014970148031665298,,0.12696990451503964,,-0.055907339999688554,0.36704286080137893,,,0.24753980781307638,-0.1826102547384869
182,2032,,,,-0.09633350031035359,,0.29145757391392935,-0.1684436209388671,0.28668792220050676,0.08553600463469824,0.07119936035796104,0.20407022519094387,0.28816090071204536,,-0.013358198189007187,,-0.01833075247711946,0.3256328533433994,,,0.23393487312839956,0.014270240681268476
183,2033,,,,0.06783719418151213,,0.4220954006897719,-0.23339499638966066,0.3991562132606823,0.27783234120896005,0.187491774835288,0.2443688724330273,-0.04865273347900856,,0.19315318763501388,,0.04438373212976776,0.1189292429852189,,,0.2086585262230829,-0.03307470014562952
184,2034,,,,0.07489545195693137,,0.4446447858071566,-0.23309706237820826,0.46121794384038306,-0.023354468281390206,-0.00432411474926786,0.19430213170173838,-0.09310646655829813,,0.1324125815897843,,0.10972970717915165,0.011182514838072644,,,0.1411380674870788,0.05167375432938481
185,2035,,,,0.16723981037377977,,0.41598518945156115,-0.3204980307525005,0.3624595928179448,0.16559481531741382,0.07817727619693482,0.15039410813512144,-0.02150894106161183,,0.032877177239232225,,0.06734460320965319,0.40060952961369,,,0.170499774080481,-0.011934650022092042
186,2036,,,,-0.06480423670019819,,0.2094762044279641,0.03244959195169206,0.3440566194159862,0.4210276774955497,0.12455573295635936,0.03332666262069206,0.028978731525817425,,0.15751016404706197,,-0.012015416819557645,0.5355079971173224,,,0.1738757482783444,-0.024538382850533225
187,2037,,,,0.14298726663330452,,0.13013642698047057,-0.0635064269908936,0.3750321798260312,0.3588550515116369,0.01607745564106433,0.16930556864925195,0.14637534582215572,,0.10613370864230287,,0.01699058851058033,0.4455868597295771,,,0.11204101126363142,-0.09816605229997033
188,2038,,,,-0.007809539815062605,,0.18203096858119472,-0.04220303370461975,0.4299957356216324,0.24778590153821956,0.12781957842061376,0.07287053365117302,0.13405028270624086,,-0.07532813518401849,,0.049739472520178296,0.22694649532979438,,,0.21154268767327022,-0.1283438021686789
189,2039,,,,-0.18852620339104087,,0.2939434312038811,-0.24186608236823326,0.4205534346015025,0.009588840234382001,0.09828911315448696,0.13456984607366884,0.25861974986435454,,0.08949158334978646,,0.05888975655570028,0.06681978147046919,,,0.20823412480116943,0.05166073119154291
190,2040,,,,-0.05509676145672815,,0.29467268369662714,0.004415816776167203,0.3698803394642167,0.4926702965233569,-0.02621859593543352,0.19154785588281809,0.31826869710348604,,0.1777072134326998,,0.01528178745084352,0.36557258246233904,,,0.18362159190299465,0.08031739069959842
191,2041,,,,0.01677572669528793,,0.400680144730172,-0.10453816283918571,0.4249366972396915,0.3794106504606327,-0.013363659451647747,0.13657351612921675,0.1314811664442619,,0.10206697569603262,,0.037976651866938216,0.4218001661752149,,,0.16672606741297513,0.16347623209751738
192,2042,,,,-0.03595945203769535,,0.20868170571667521,-0.25645747895552784,0.2582836249964888,0.0698299779575402,-0.014114727334525234,0.20656136740725106,0.15483944998784382,,0.16937615103006198,,-0.10630843407775625,0.4503801377211911,,,0.31413021057466417,-0.08251266996389917
193,2043,,,,0.04719237305804658,,0.09624035153461508,0.01595269647298858,0.40853881471122966,0.26019095749621,-0.008290114282927474,0.19912670367009389,0.08461368538196568,,-0.04480935275690667,,-0.17451762167733587,0.12106976602034414,,,0.31444718544312344,0.0361191883306593
194,2044,,,,0.12328758937102702,,0.1686364866924257,0.027228670158513824,0.5195542803410134,0.3691725176170648,0.012731853828334305,0.1645826593061679,0.03625546653152689,,-0.08022564772747254,,-0.1504400643450723,-0.12329454001246698,,,0.2889563585323309,0.059888249438117436
195,2045,,,,0.09908581274883144,,0.2975581832634655,0.064215338461318,0.44973550575759047,0.21567453971495887,0.16908317242829218,0.20898903503137767,-0.028606389840339475,,-0.25059161476536307,,-0.0749475307757479,0.23908942857134696,,,0.12039522501279776,0.06647525408853672
196,2046,,,,-0.1796868336149826,,0.12755783965608414,-0.007971264433223935,0.15148197133263497,0.4009580746386938,0.0193140437702235,0.2286883535622135,0.13609271653913502,,-0.2507582716899872,,-0.08547954216424447,0.46667801866281766,,,0.31282904600276873,0.027349787269155268
197,2047,,,,-0.13489763520393439,,0.1476068567089135,-0.09606579844413399,0.31153841787040104,0.11340769045633925,-0.06396635503922066,0.32312566967386447,0.27458572248553237,,-0.14902937026454488,,-0.09754707715316724,0.37663532592976456,,,0.400397361604069,-0.08454461572216565
198,2048,,,,-0.10442934490145106,,0.20883495691718545,-0.011910792918560675,0.4581785359158246,0.45689981038769445,0.01054196311766864,0.3250740039098732,0.13221453651745585,,-0.03611587891353141,,-0.030603749495298427,0.18241835021324615,,,0.20116861195807756,-0.18357650791271474
199,2049,,,,-0.049938510814624415,,0.21697693039283572,-0.020970711005114495,0.48029343246604905,0.4790995373882925,-0.10158044933593868,0.20584871475974653,0.15984985524243878,,-0.10031416383333047,,-0.06131366049954856,-0.04491916628037762,,,0.386448934193679,-0.04825993549500063
200,2050,,,,-0.1543650207464533,,0.0689263185285851,-0.1425905777212504,0.5001125997171114,0.4592660253089471,-0.030460209893892864,0.2697542540455131,0.3152154814979362,,-0.025129614869673134,,-0.057526189120852056,0.11324777407842102,,,0.19372712489745703,0.013383380663982036
201,2051,,,,-0.3182429310284003,,0.11714971220704773,0.1075211116947834,0.23222105471468346,0.5872525092080978,0.1414237733227135,0.34430808076143116,0.32151499481134516,,-0.0743453091188524,,-0.03076374740564214,0.24721208783016868,,,0.33802547991859866,0.055877606381611766
202,2052,,,,0.000368771249369626,,0.16652587352623605,-0.09720639679499699,0.5965856953642046,0.48835017711153306,0.009197770826365304,0.22365575707410779,0.3275097199734571,,-0.08636111722639717,,-0.018191877595477468,0.2977385377004653,,,0.21009763786962465,-0.12982971872402427
203,2053,,,,-0.08429704871121002,,0.22282418707616625,-0.1875243319375246,0.5930694015218683,0.4928364273272674,-0.07622023318771154,0.09251725712942527,0.30053686478881003,,-0.09607481469957246,,-0.11692745741620891,0.21385527172941865,,,0.2134783443393018,-0.03512437067106422
204,2054,,,,-0.27701354459684424,,0.1377889563318997,-0.04390205540048098,0.7100069115512526,0.45221977459569396,-0.07985120912997878,0.046260021456478784,0.2846940621928784,,-0.06416282269929541,,-0.0886405562895769,0.08756474438717898,,,0.15816031400782848,0.05345886372377895
205,2055,,,,-0.18444651133529089,,0.23154870760848345,-0.06360463958791307,0.6724173153501853,0.36032742063735457,-0.008193070672024128,0.1497741707875766,0.08933692830524098,,0.06260720767145678,,-0.09509783238888225,0.24877057985841544,,,0.16991757404452823,0.03676892377511298
206,2056,,,,-0.015011405978821113,,0.20092009724516857,-0.008005232253554428,0.49421118973201583,0.38232664936338745,0.030884005062467246,0.13643700653219382,0.07569521206089291,,-0.08472120127253202,,-0.22284221290590045,0.3798222200476795,,,0.1548170566734246,-0.011281900320443405
207,2057,,,,-0.062451276912141473,,0.2406891965490332,0.0585984188022326,0.5636349172279191,0.7288769761293137,-0.0147463653830604,0.15344016402484817,0.19172957342441554,,-0.003164887858253973,,-0.013730486475072468,0.33933008293965017,,,0.29384724318244637,0.03318411598134552
208,2058,,,,-0.034919354007950876,,0.3971540781643661,0.04150611496995138,0.6465883833086974,0.4689277182160052,-0.0007465377085518199,0.23796933148834998,0.35166474138027115,,-0.19203969350151695,,0.03325828976356027,0.35615577207104754,,,0.34322692584936787,0.036513840615200355
209,2059,,,,-0.04326105168713923,,0.4182293176312455,0.05603644840400235,0.5615380003582666,0.2852329244212133,-0.03175145658035783,0.2141719616407951,0.26708904310695347,,-0.039399878211599404,,-0.06600662478181674,0.4083465491614542,,,0.4279444902532781,0.1235522237522968
210,2060,,,,-0.05216887667841297,,0.11572980313763548,-0.03762651459297839,0.6645408904842203,0.4517337383850555,0.04764512741641802,0.25623735724855834,0.3586825231555082,,-0.1385738119167801,,-0.05559343105824066,0.5429580010775135,,,0.2879407095020188,-0.05428005424736093
211,2061,,,,0.03149482295047079,,0.18663208346409332,0.13360853119230898,0.5304863913073348,0.46116012881856694,0.09409769295893478,0.14578068995049698,0.3134950827596774,,0.140979066039415,,-0.13200775328109415,0.3557353742309548,,,0.22601552930928026,-0.2294471876136499
212,2062,,,,-0.06161810534586598,,0.38644715716118827,-0.11308689919556336,0.544017675961836,0.24989544171432687,0.03419463903973785,0.17617137903204227,0.27558891372234395,,-0.17900167864238892,,-0.0474278598341189,0.007760428998222935,,,0.18651381742227602,-0.08214337636477942
213,2063,,,,-0.0934641722619638,,0.4502883798102082,0.026580564810610774,0.6018519518870247,0.18391422173442074,0.09320627522410874,0.17447265842886495,0.3734979428114822,,0.014268408384436881,,0.024034197811646063,0.33985722884589653,,,0.2992347019539996,0.14622043425194264
214,2064,,,,0.06085317869726303,,0.45995465578532935,-0.009144428694142448,0.5372261430466914,0.5058229131347098,0.040515998867625136,0.2144789382521557,0.36508944173272617,,-0.056848320285253884,,0.06889494719869838,0.4474670750948162,,,0.339564347341216,0.012292426622488861
215,2065,,,,0.09994467004694174,,0.3063945626169968,0.08873875116959518,0.5691142856896247,0.45395945257330617,0.03375493706582988,0.3148614425555438,0.1220152757954871,,0.10449857592384193,,-0.00023988560664900405,0.49554473872252536,,,0.28342398077430286,-0.040897299533849685
216,2066,,,,0.12622229776293992,,0.391205940037366,-0.0856812401074083,0.558617329596105,0.4399767805642223,-0.03688820007188909,0.33150139172429105,0.10374353730185515,,0.0068111166309652305,,0.02477324910484313,0.46136182883239796,,,0.22539711165521492,-0.03894114822416306
217,2067,,,,0.02455538802144419,,0.3483875533346934,0.14345672416378008,0.48441153587059627,0.4497919227031826,0.058843270091643696,0.24616053862684106,0.07208980177073787,,0.1795905724857687,,0.02327603052872851,0.1628350630677904,,,0.24377786603043106,-0.1657722941114863
218,2068,,,,0.033004883542204766,,0.45248853729549454,0.16844882465684785,0.4942185380563098,0.11515370159611105,0.04256834327549752,0.24991805581422244,0.20172312644222368,,-0.05451190170949438,,-0.015147721329593633,0.25537031962702095,,,0.24765879458543938,-0.1704989911931012
219,2069,,,,0.07134757414571347,,0.24763160394042671,-0.020433408449132884,0.5571659380006109,0.4360996494042695,0.017582993951052117,0.2584928027196649,0.041175867726055415,,0.04386939939952761,,-0.05418174445136703,0.5777161121213155,,,0.27350748602854136,-0.04219132206821419
220,2070,,,,0.22576324040813534,,0.34093915035709355,0.07072320795375386,0.592948349917481,0.5045553031957675,0.024591072766214417,0.33135223176608086,0.04956777007890967,,-0.057503870473765595,,0.03629059296230697,0.5547655130118176,,,0.20174520256568385,-0.0382836046964139
221,2071,,,,0.09297638315613455,,0.4055809724398962,0.05439133612827041,0.5529565759314066,0.3903444464738062,0.004497378480599057,0.32362830593993896,0.17048720288083707,,-0.14472539096688442,,-0.11227717579900842,0.4723876991418474,,,0.1573784079948588,0.015227735311792223
222,2072,,,,0.057447477553101756,,0.4020305376218474,-0.14836619336702572,0.5892997303815324,0.4006417415766379,0.13853636837990635,0.32380666157912597,0.2839609885278991,,0.1448350198851407,,-0.13350898248519405,0.3472058024230469,,,0.1472318360792999,-0.041941134199813046
223,2073,,,,-0.07750004485942608,,0.29600003867463043,-0.10628569838746671,0.5676994284783197,0.24983362031742118,0.12965956970638937,0.47799472931928433,0.16392595450217673,,0.022965934264054244,,-0.09342274016690721,0.3815036255638611,,,0.2392825543839272,-0.1355343742917925
224,2074,,,,-0.1902108002874714,,0.3023016543332231,-0.06123085221170266,0.5942536814700543,0.42624711021499784,0.0900948594885449,0.461141588230507,0.26658820072426437,,0.12454531242209343,,0.037126245912725064,0.22498427240459584,,,0.1950004134252652,-0.08260411185967165
225,2075,,,,-0.04717462983657228,,0.3378961884463312,0.03578254828062333,0.5527347866452814,0.4010212354167191,0.15263218843707227,0.3536774910909477,0.04360553022728819,,0.12335753619582324,,-0.08977488670567446,0.22337908951582675,,,0.21255754003235028,-0.02798522541145365
226,2076,,,,0.024050782244332325,,0.43383875952948525,-0.013234741151787688,0.7350282082027335,0.2961578026056628,0.20409965591888302,0.2896785348141364,0.13449122184968587,,0.1924687453589975,,0.008467605452597837,0.5193985014362514,,,0.28507075664649784,-0.08425019738403794
227,2077,,,,-0.16429723379083372,,0.16868676378456504,-0.00663921369934517,0.5679382905716792,0.3607635314903659,0.10237768477829556,0.3570027008764507,0.21118895492591427,,0.17026117890567205,,0.06256412175273329,0.6791180624707394,,,0.27031304917262755,-0.05238352482083686
228,2078,,,,-0.055618359773285775,,0.2295756589295821,0.029181197597949016,0.6170729371111725,0.29099059801309757,0.06807789713800672,0.3638885201886102,0.17194242997578435,,0.15472133831610746,,-0.06504526951873224,0.6144219481933351,,,0.3207967253038735,0.10542283895367532
229,2079,,,,-0.046339501206004385,,0.2984528898988561,-0.023659414550851743,0.32735942567208776,0.28111064266401,0.11393171937444846,0.33653056025941863,0.1827589018755722,,0.026710577365860466,,-0.2696576785356575,0.36964420777010965,,,0.26917025558616237,0.14186282695078356
230,2080,,,,-0.06875027423820423,,0.4227187131111627,0.021340840434647568,0.547977907301731,0.12491115911673045,0.1632153479340821,0.36523663665801687,0.2223771923111868,,-0.11546670162363304,,-0.10127470828720275,0.17556950146261974,,,0.13152951428826354,0.12829306695513498
231,2081,,,,0.0588122411550307,,0.3319067012918744,0.06485139583599686,0.4403776496703,0.3224701999544064,0.1013702746566687,0.289955000164106,0.07758728758724143,,0.16302904995354517,,-0.22470668755456868,0.3978554581638307,,,0.20300103974129824,0.19971630116651173
232,2082,,,,0.03144247888273011,,0.2697910588179875,-0.03473816618296288,0.48880244514551574,0.37849981603538696,0.1884535764084614,0.42720181784040934,0.11244888537870867,,-0.028156713243472353,,-0.13142021555776218,0.6154858471111977,,,0.2076380153197137,0.1800530276041652
233,2083,,,,0.06713515671365045,,0.27655579052120727,-0.09119851914569033,0.556819998404585,0.23819445562464514,0.17929894310889605,0.31819123099435664,0.08004143932029839,,0.029437693358019157,,-0.20042733520713307,0.47562113430012687,,,0.3023589504022923,0.13060884165949194
234,2084,,,,-0.005375826085834312,,0.2461350356640306,0.04222605677337876,0.4901257515765671,0.2973737103704672,0.07402831522644249,0.2426292280857698,0.10518603968457896,,0.07841384459895995,,-0.24512079054485403,0.25939527517067695,,,0.32107321500142305,-0.14240110451752086
235,2085,,,,-0.09419068153053756,,0.17912831226015324,-0.03212691494614761,0.4655407765012032,0.3842416337277079,0.0548440514501487,0.19291732917915638,0.2613887039083549,,0.13315656413103572,,-0.1469106372518607,0.048250591837985635,,,0.2761350470592441,-0.09653557491101727
236,2086,,,,-0.03856741117597817,,0.2313789956236758,0.1460259015223544,0.4944008583961683,0.3034604712155664,0.07366730987325676,0.16177886414373566,0.27378109991937283,,0.16616461491457546,,-0.15652759512581005,0.40784135761799245,,,0.15505892185890024,0.0877322074574245
237,2087,,,,-0.10744553809559543,,0.3918756915175501,0.005122205960917281,0.48461302283083185,0.28794645814617503,0.07023229612830084,0.16501586725418305,0.2732449336652234,,0.11351640775939886,,-0.2192737760673782,0.6741574846312179,,,0.2893331720317147,0.24165751526546542
238,2088,,,,-0.19578285791531913,,0.4481164773239783,0.006246840474364745,0.5720262232875377,0.5465968834008121,0.13160443264295463,0.2479140657633212,0.2794190960315226,,0.10172259077262913,,-0.12785329437077708,0.5197899166491617,,,0.24142664281524295,0.11085327727680783
239,2089,,,,-0.2754715627091535,,0.2700417062601024,0.12884308816582113,0.5423439730862598,0.21179255121048213,0.10543205853078952,0.18617949040227977,0.16483623002603576,,-0.07883477256049298,,-0.049210219415815715,0.34072551966776476,,,0.25755428799567515,0.03863274987479581
240,2090,,,,-0.19063685310693312,,0.3150077994351417,0.13414083089614426,0.5909163053199702,-0.01811138734256712,0.11755936230239428,0.2037893905391397,0.102932964705297,,-0.10114444115095367,,-0.005630937257673718,0.2578602546447275,,,0.44914109389793655,0.04922503443270321
241,2091,,,,-0.08091088256987611,,0.30575282943397,-0.11769555190732728,0.3201761953286417,0.44547151006509056,0.18073018725811885,0.19857484842439188,0.2957721837198406,,-0.1770293561956251,,-0.1122335571996893,0.01752772999476182,,,0.3559262301073116,0.07503466686805993
242,2092,,,,0.04784715750390145,,0.4220069017905037,0.1055983460465515,0.4940422141509151,0.4265184296724702,0.154999323674466,0.24882306660827913,0.4071807107129706,,-0.029804783390993794,,-0.19501242777348393,0.13631158209523386,,,0.1780191476859403,0.026650286000884815
243,2093,,,,0.054142538304995824,,0.21900465876438435,0.07155396505637901,0.7177672164278379,0.32345940095861314,0.21656960870240338,0.16834587987516603,0.3899762226317298,,0.23153093841886285,,-0.023281797018575467,0.5385086512544763,,,0.2625419286653923,-0.07554947199803586
244,2094,,,,-0.05130472697016231,,0.26139740018630775,0.14593594903008933,0.5786576571009854,0.2713125327784973,0.30917200528588795,0.10663153409231407,0.3006804074654621,,0.22759922991597836,,-0.030637665424609217,0.5628510331970715,,,0.3034474012146613,-0.15050991928856305
245,2095,,,,-0.061761803695628004,,0.3130460079791755,0.015807112000142176,0.2905665530536812,0.2648338696488186,0.22702691530469732,0.2109300362815545,0.14771859741332927,,0.03467650986911108,,-0.2065012831366797,0.30302904317931967,,,0.18813968617701082,0.05425101091177398
246,2096,,,,-0.051615530693030376,,0.28750814819404447,-0.004336766200429665,0.29024090791548574,0.34539769486717997,0.2714981471077147,0.2944994877363505,0.08192664177522824,,0.1224671376236155,,-0.16365777653285152,0.09106741609249536,,,0.26131167149379575,0.1912503920408266
247,2097,,,,-0.015686488885232386,,0.2956717135252873,-0.008552648808271446,0.5713381075541983,0.2554917831642243,0.23809575609522726,0.2647106850906633,0.2860819498954372,,0.07738057688533662,,-0.14049371741268546,0.5448141475401687,,,0.5100213142659671,0.20322184177162272
248,2098,,,,-0.01702701388798733,,0.20511456581660514,0.07500914123460634,0.469753629299269,0.2752726368426819,0.15479171484389997,0.19304885408012007,0.2342396871115393,,-0.06457942800289418,,-0.22834287844000567,0.6050404590975154,,,0.5087281826557009,0.08902125506458258
249,2099,,,,-0.12321787238576043,,0.3209009583059337,0.034910855624349146,0.4785168122798411,0.318008004586638,0.0729575154410882,0.2663203819532476,0.28652000944561395,,-0.02100369891610443,,-0.14829764934187928,0.5892847541180624,,,0.3819156343049235,-0.015261053311898198
250,2100,,,,-0.1481645932262401,,0.20075087668019265,0.2021934436692554,0.37177474669502075,0.28526526301613897,0.10712986427421001,0.2657624198158688,0.2769246176955047,,0.07032670751409942,,-0.10325966767130312,0.39189973665902045,,,0.32365600211832746,0.030183844646887614
