,tas,rlut,rsut,rsdt
0,286.77996826171875,239.54108683268228,99.28955586751302,340.49024454752606
1,286.7677714029948,239.5750617980957,99.41182390848796,340.4796549479167
2,286.9210942586263,239.82523600260416,99.50700505574544,340.48643747965497
3,286.72449747721356,239.4568748474121,99.36289723714192,340.4585596720378
4,286.72314453125,239.58554458618164,99.5105832417806,340.4313252766927
5,286.58844502766925,239.49181747436523,99.28697331746419,340.41475168863934
6,286.7556635538737,239.72532653808594,99.02083269755046,340.4178746541341
7,286.8958969116211,239.73289744059244,99.25933265686035,340.42148844401044
8,286.7168324788411,239.61615371704102,99.30400466918945,340.4548924763997
9,286.6698252360026,239.37370936075845,99.4097188313802,340.4826075236003
10,286.8747024536133,239.62895584106445,99.50915845235188,340.5111567179362
11,286.843994140625,239.72174199422201,100.01516723632812,340.4987614949544
12,286.63587443033856,239.24915568033853,99.61570294698079,340.4752833048503
13,286.7445933024089,239.58869552612305,99.67292149861653,340.4614842732747
14,286.77929433186847,239.53669865926108,99.30507024129231,340.4554723103841
15,286.7659556070964,239.59646479288736,99.51068496704102,340.43603769938153
16,286.73296610514325,239.37203470865884,99.33139928181966,340.43049875895184
17,286.69641876220703,239.47020721435547,99.56716219584148,340.4221369425456
18,286.8006337483724,239.48889923095703,99.32845242818196,340.44920857747394
19,286.80254618326825,239.49033737182617,99.11188316345215,340.4757130940755
20,286.8013102213542,239.61310068766275,99.51267433166504,340.478510538737
21,286.8417612711589,239.6792017618815,99.5591983795166,340.4998474121094
22,286.7326431274414,239.39789199829102,99.43725077311198,340.4962895711263
23,286.8478317260742,239.5852953592936,99.60164070129395,340.46951548258465
24,286.72401936848956,239.16376368204752,99.52520370483398,340.4534174601237
25,286.84313710530597,239.60894393920898,99.1068909962972,340.4230143229167
26,286.8927001953125,239.7381451924642,99.22103881835938,340.41694895426434
27,286.8523813883464,239.65334192911783,99.41974957784016,340.399653116862
28,286.8680140177409,239.55917612711588,99.4379488627116,340.3884023030599
29,286.92357381184894,239.6925048828125,99.50354385375977,340.39111328125
30,286.85909779866535,239.49329249064127,99.26790936787923,340.42626698811847
31,286.80872599283856,239.30774434407553,99.40018208821614,340.45594533284503
32,286.8764165242513,239.69446818033853,99.61385027567546,340.44798787434894
33,286.7220815022786,239.10945892333984,100.02225685119629,340.44232686360675
34,286.6995366414388,238.61693318684897,101.20342127482097,340.49583689371747
35,286.8204167683919,239.40623346964517,99.9099833170573,340.45884958902997
36,286.7468516031901,239.33000691731772,99.09591420491536,340.4275385538737
37,286.8487854003906,239.44349416097006,99.33235677083333,340.4076461791992
38,286.7969741821289,239.4152488708496,99.08095868428548,340.4076461791992
39,286.92334747314453,239.58738581339517,99.34108797709148,340.3965581258138
40,286.7924524943034,239.294558207194,99.38840611775716,340.403569539388
41,286.8827616373698,239.6065355936686,99.82445462544759,340.4534556070964
42,286.71019236246747,239.2249298095703,99.25112469991048,340.50224049886066
43,287.0077311197917,239.5399513244629,99.04870351155598,340.52625528971356
44,287.1014633178711,240.07771682739258,99.56838671366374,340.5654805501302
45,286.883783976237,239.63282267252603,99.30604998270671,340.5291493733724
46,286.94635518391925,239.60636138916016,99.33744557698567,340.4862111409505
47,286.9850311279297,239.56283315022787,99.54222742716472,340.4460906982422
48,287.08424886067706,239.79342142740884,99.43367385864258,340.4311752319336
49,286.863276163737,239.48011906941733,99.13926124572754,340.4135284423828
50,287.04233805338544,239.6474177042643,99.14858500162761,340.4167785644531
51,286.9929707845052,239.8376324971517,99.35708236694336,340.3848241170247
52,286.8286666870117,239.2834904988607,99.60190327962239,340.3892110188802
53,286.74707285563153,239.19715118408203,100.34554799397786,340.4254633585612
54,286.68502553304035,239.2062250773112,99.77883593241374,340.4983164469401
55,286.7318979899089,239.2221768697103,99.37946128845215,340.4609781901042
56,286.849848429362,239.19819132486978,99.5187505086263,340.5090077718099
57,286.9399185180664,239.5944798787435,100.04234631856282,340.4823760986328
58,286.6871592203776,239.2439956665039,99.48756853739421,340.50714619954425
59,286.8909962972005,239.41986719767252,99.3673661549886,340.4661102294922
60,286.91394297281903,239.20067342122397,99.50696182250977,340.44178517659503
61,286.93798573811847,239.44050979614258,99.67732365926106,340.4067738850911
62,286.7453333536784,238.9551798502604,99.7959435780843,340.4010874430339
63,286.8358383178711,239.1658732096354,99.66198921203613,340.3957977294922
64,286.80859120686847,239.10901514689127,99.81669743855794,340.4227981567383
65,286.8763834635417,239.19858169555664,99.62731170654297,340.50059763590497
66,286.8522694905599,239.13028717041016,99.77348963419597,340.57150014241535
67,286.8343861897786,239.26018905639648,99.50592931111653,340.6041997273763
68,286.92127990722656,239.42269134521484,99.77399508158366,340.6128184000651
69,286.85731252034503,239.4446932474772,99.43450736999512,340.5480600992839
70,286.801264444987,239.20686721801758,99.56315930684407,340.49599202473956
71,286.9557469685872,239.15011978149414,99.47853533426921,340.4500681559245
72,286.98404693603516,239.47659301757812,99.68837801615398,340.41590881347656
73,286.9439646402995,239.19730631510416,99.72420247395833,340.40809122721356
74,286.9994583129883,239.4220199584961,99.50975735982259,340.4309590657552
75,286.8951416015625,239.18888473510742,99.53697840372722,340.4643809000651
76,286.8896942138672,239.29821014404297,99.6283073425293,340.52002207438153
77,286.8951594034831,239.1227887471517,99.65462239583333,340.5666046142578
78,287.01637268066406,239.37325541178384,99.76112238566081,340.5441309611003
79,286.7959798177083,239.21542485555014,100.1097297668457,340.52044677734375
80,286.5693359375,238.59579849243164,99.79991213480632,340.5212224324544
81,286.8373489379883,239.10398483276367,99.65804672241211,340.4771245320638
82,286.78235880533856,239.1739959716797,100.05438423156738,340.4529571533203
83,286.79740651448566,238.93913777669272,99.59253883361816,340.4308115641276
84,286.77123260498047,239.03659439086914,100.05973116556804,340.44641367594403
85,286.6648941040039,238.89502970377603,99.5417594909668,340.49856821695965
86,286.82422637939453,239.11713409423828,100.14483070373535,340.61941782633465
87,286.61058044433594,238.79675801595053,100.04660987854004,340.61787668863934
88,286.6389846801758,238.78380711873373,99.9125467936198,340.5973536173503
89,286.71233622233075,238.99614461263022,100.02964528401692,340.5920689900716
90,286.60289764404297,238.6555379231771,100.02016003926595,340.56199137369794
91,286.7389831542969,238.68708928426108,99.64782206217448,340.52262115478516
92,286.84594980875653,239.17909622192383,100.01093355814616,340.48634338378906
93,286.7721201578776,238.84366861979166,99.95982233683269,340.4500274658203
94,286.7907485961914,239.05125681559244,100.10956064860027,340.4685694376628
95,286.6245574951172,238.68897247314453,99.96364720662434,340.52935282389325
96,286.7104975382487,238.93645604451498,99.84511820475261,340.5620524088542
97,286.6141357421875,238.57057317097983,100.1151746114095,340.65194447835285
98,286.7768020629883,239.16041819254556,100.20440419514973,340.69058481852215
99,286.69380442301434,238.94370651245117,100.07604026794434,340.6518325805664
100,286.6387176513672,238.7040926615397,100.20643043518066,340.5868504842122
101,286.62597910563153,238.4927889506022,99.93008867899577,340.50044504801434
102,286.69063059488934,238.81011581420898,100.50526173909505,340.504389444987
103,286.51637268066406,238.46088663736978,100.15200169881184,340.4706090291341
104,286.65513102213544,238.62271372477213,100.23065121968587,340.4710108439128
105,286.69718170166016,238.75475056966147,100.37814903259277,340.52453867594403
106,286.5118103027344,238.58812840779623,100.04236539204915,340.6496887207031
107,286.6526514689128,238.56750615437826,100.24819946289062,340.7514165242513
108,286.7761739095052,239.01030604044595,100.07041931152344,340.7663167317708
109,286.63272857666016,238.80789057413736,99.85695266723633,340.7052408854167
110,286.5572153727214,238.39836756388345,100.18916829427083,340.6698404947917
111,286.7334162394206,238.7676099141439,100.31497065226237,340.56741587320965
112,286.55841064453125,238.35732777913412,100.22762743631999,340.50187428792316
113,286.64041392008465,238.23673884073892,101.12305005391438,340.47974650065106
114,286.661870320638,238.5696563720703,100.91720136006673,340.4771957397461
115,286.53908284505206,238.4629783630371,100.56561024983723,340.474614461263
116,286.5332310994466,238.29698944091797,100.13625653584798,340.52472432454425
117,286.6183141072591,238.5916633605957,100.43077659606934,340.5877965291341
118,286.563959757487,238.07283528645834,100.49454243977864,340.6282475789388
119,286.7329457600911,238.77945709228516,100.25423494974773,340.62549082438153
120,286.5660654703776,238.21815872192383,100.45378112792969,340.6289342244466
121,286.6248143513997,238.25688552856445,100.56080118815105,340.5738983154297
122,286.67078399658203,238.41637674967447,100.52167956034343,340.57803599039715
123,286.83309682210285,238.4877789815267,100.20236015319824,340.51337178548175
124,286.79949442545575,238.53810501098633,100.8306032816569,340.4859441121419
125,286.5817108154297,238.04938761393228,100.11752573649089,340.4867121378581
126,286.819341023763,238.3894920349121,100.34045473734538,340.4855092366536
127,286.93134053548175,238.81684112548828,100.24947102864583,340.5358301798503
128,286.82483927408856,238.44927342732748,100.0397383371989,340.62610880533856
129,286.98902384440106,238.78234354654947,100.31774648030598,340.70251719156903
130,286.92712148030597,238.54094441731772,100.409605662028,340.6949996948242
131,286.81664021809894,238.45125452677408,100.05459022521973,340.6921895345052
132,286.89307912190753,238.40142567952475,100.45111846923828,340.60673268636066
133,286.8837356567383,238.28144327799478,101.01967175801595,340.6043650309245
134,286.8092447916667,238.29824574788412,100.40705108642578,340.5121815999349
135,286.9440434773763,238.39693069458008,99.94807052612305,340.47052001953125
136,287.0854771931966,238.4795061747233,100.28747431437175,340.4747365315755
137,287.0005645751953,238.26251856486002,100.03097534179688,340.4961446126302
138,287.03705342610675,238.50112533569336,100.43464342753093,340.59251403808594
139,286.99376678466797,238.25098292032877,99.85976791381836,340.70452880859375
140,287.04943084716797,238.2711270650228,100.06720225016277,340.68320719401044
141,287.14868927001953,238.37658309936523,101.02225748697917,340.6799138387044
142,287.00362396240234,237.7767448425293,101.7290096282959,340.647216796875
143,286.8589375813802,237.75359980265299,101.00744247436523,340.5426940917969
144,287.2286020914714,238.551513671875,100.45957056681316,340.4857711791992
145,287.06711832682294,238.21218236287436,100.25463231404622,340.4748306274414
146,287.1708170572917,238.39705022176108,99.96433194478352,340.4586410522461
147,287.2501449584961,238.45267486572266,100.35574531555176,340.48216501871747
148,287.051996866862,238.1811434427897,100.28037198384602,340.5740254720052
149,287.2652816772461,238.55267969767252,100.24060821533203,340.6418940226237
150,287.1999206542969,238.59732818603516,99.98345883687337,340.69883728027344
151,287.23441823323566,238.4081776936849,100.11989275614421,340.670166015625
152,287.2061030069987,238.2793871561686,100.14295895894368,340.6814727783203
153,287.33678436279297,238.82116063435873,100.2608216603597,340.56167856852215
154,287.21922556559247,238.14359410603842,99.87522888183594,340.51655832926434
155,287.3912989298503,238.8392244974772,100.28114446004231,340.45630137125653
156,287.34464263916016,238.1968739827474,99.64130719502766,340.44480895996094
157,287.6286977132161,238.9330622355143,99.75095812479655,340.4224090576172
158,287.48899841308594,238.7526601155599,99.86078643798828,340.42541249593097
159,287.3521957397461,238.3527971903483,99.33601188659668,340.4169464111328
160,287.5496368408203,238.5494842529297,99.78823598225911,340.4607213338216
161,287.6442515055339,238.65704600016275,99.73522822062175,340.5277277628581
162,287.5239995320638,238.65170415242514,99.59606043497722,340.56422424316406
163,287.65033467610675,238.86310450236002,99.56448618570964,340.5717137654622
164,287.59821065266925,238.57489522298178,99.7058499654134,340.59095509847003
