,tas,rlut,rsut,rsdt
0,286.56038076865406,239.8427748322113,99.79348660152493,340.22249418742666
1,286.51402884748836,239.8795195181235,100.40116119952376,340.20581732667273
2,286.3893872287816,239.69838380857706,100.42985099179604,340.20352278153183
3,286.4208332274006,239.6519408339408,100.33064359376739,340.18862705939443
4,286.4623787219688,239.81244899485264,100.25425179003878,340.16088659709686
5,286.51157153728104,239.84076002081943,100.10211266386774,340.14462445913665
6,286.64710100278154,239.84594448975835,99.8824150060969,340.13841553666106
7,286.62386891335603,239.94528183873885,99.94285842366287,340.1487649070889
8,286.6002982863137,239.9339389489704,100.10464465494628,340.17802504304535
9,286.60017703995953,240.0530423659701,99.81213068603624,340.2056844842874
10,286.5580274131873,239.90448890281675,99.99687067998212,340.2295499986688
11,286.39829494842564,239.60707271513968,100.9569185053026,340.2254418542943
12,286.3867219837423,239.6146587593373,100.80043572018245,340.20430138331056
13,286.3491860839562,239.48579408361172,100.67198232054636,340.1899957284758
14,286.2349388533606,239.55421880910538,100.7629967874888,340.17317616510564
15,286.0816020422082,239.06245253122654,101.09508556206909,340.16552532906223
16,286.1703334343574,239.2787348071297,100.23439385630371,340.15958526476703
17,286.45196726205796,239.73590563662415,99.70283943497783,340.1524942898926
18,286.56799053319696,239.85215696584135,99.93735865315648,340.165806377263
19,286.45927791071387,239.85755566690378,100.38737211188202,340.20102337258635
20,286.26026650271854,239.35031280145998,100.52930452150848,340.200294957753
21,286.41537343755584,239.5388935182315,99.85971020276958,340.2248538389918
22,286.5528068333594,239.9159360153658,99.94689557383042,340.2121932169436
23,286.4235156936254,239.77110539903867,100.93105804912106,340.2007425828659
24,286.35337764666866,239.60587361231376,100.13589352141446,340.1824258150313
25,286.51307388206163,239.85909339039037,99.71265525044521,340.1532943911762
26,286.570624425566,239.9143800392367,99.93304581719666,340.1388683405652
27,286.5287935720683,239.96134419767623,100.30818434661245,340.12906492655526
28,286.457609152599,239.7896014132722,99.86966351497033,340.1194069578166
29,286.5937941638798,239.8848560301819,99.72359959524823,340.11891918723927
30,286.6590219925721,240.0273716883386,100.14785097647253,340.1430082310539
31,286.52959298508364,239.8480611780452,100.61043147205629,340.1810612649061
32,286.6134775169339,239.96677363052808,100.23107227204082,340.1717651333465
33,286.45814645045164,239.2707611560838,101.58893066628247,340.1715023580638
34,286.25069267503056,238.34767411109502,103.44702698753828,340.2151142303659
35,286.3354743867695,239.1268716194181,100.97446792994727,340.1861071555431
36,286.32424412694206,239.45544718573603,101.09135923472077,340.16145243664755
37,286.2860875107352,239.18923395728493,100.53125842999356,340.1392915502544
38,286.45306074595277,239.36056969520178,100.2831419742207,340.1263128015765
39,286.4823605529978,239.49972665913205,100.63106331583776,340.1255597763266
40,286.3382027604261,239.19869096887226,100.59217200208083,340.13062561134967
41,286.3396354959909,239.21136191433212,100.98487521944342,340.1763172942793
42,286.4704893895622,239.38701333368775,100.31552448607532,340.2151244189574
43,286.48157116584144,239.69344197064353,100.57915324193077,340.2559081634009
44,286.3984727084937,239.5519421384531,100.46012410309038,340.2841215934715
45,286.6033649377443,239.78674359197433,99.59862233530384,340.25773316323205
46,286.5365284615635,239.76689324838262,100.38491161984773,340.20930121158426
47,286.49976824543654,239.54545255923986,100.31071391057623,340.17817112349934
48,286.4845788386146,239.703255200144,100.07997742768077,340.15590438767566
49,286.52829446004625,239.59018209614192,100.09780732134625,340.1452364894484
50,286.42925778048914,239.57623490847843,100.56640500626553,340.13315094773606
51,286.4646035628628,239.656415434564,100.27892733107467,340.11512116099806
52,286.4718430283244,239.19878177479868,100.7520781107127,340.11722901096374
53,286.37149674376275,239.12151269771493,101.56789962162156,340.1473385813895
54,286.425718971844,239.30400997807325,100.91845108319824,340.21477024685896
55,286.5552229456851,239.60848763218436,100.40712384258103,340.185000308664
56,286.5491633073904,239.67096700042794,100.69480524513415,340.2411077198914
57,286.62064700512605,239.4696673356667,100.18581713068419,340.2069321338493
58,286.6736309658846,239.86735161761786,100.38865538773928,340.2237548144642
59,286.4948684987869,239.51303584175983,100.83498566879798,340.1944198694682
60,286.4483659185005,239.4563954434061,99.96683390777184,340.17394395905734
61,286.60457586354613,239.63485776239244,100.05738118551496,340.138150350768
62,286.66847295620187,239.48104646347005,100.79473002036383,340.1226232364041
63,286.5309323685123,239.33844822135802,101.25185044699903,340.1245765492375
64,286.4587726827279,239.2648612689045,100.46086175170024,340.1466605104029
65,286.5725178597147,239.53228291594792,100.12821972783219,340.2193649242676
66,286.61878546937805,239.57411232071283,100.30228429633517,340.2859580851239
67,286.8045897504815,239.9272199453521,99.85858689521082,340.3288390565477
68,286.6851330530322,239.69934435432984,100.40322818162161,340.3368607813997
69,286.62201778389834,239.6067171182241,100.33771338308726,340.2734305596202
70,286.6979092812654,239.87039989385974,100.32986645492902,340.2206307967636
71,286.7373441693754,239.6587170525527,99.8318494140057,340.18371657032793
72,286.8413825814895,239.98723565020944,100.16663822656709,340.14726866455567
73,286.89364833876726,239.83845387492292,99.96181678775149,340.13377809512895
74,286.8406309120878,239.8110853404145,100.14442016650183,340.14778900441655
75,286.8040458852683,239.54674272768276,100.33224967445892,340.2033464804594
76,286.79982923267784,239.65442986428377,100.06604066104272,340.2269924805707
77,286.9265982363598,240.04019587327844,100.42872152224028,340.28741155919937
78,286.8008028089804,239.87295149591236,100.23084186936694,340.2636487467042
79,286.7574435150719,239.74774101627057,100.3703899409071,340.2576004272251
80,286.81803536005265,239.67079058396965,99.92170130861733,340.2355185904686
81,286.99321536310543,240.15685548667588,99.95290508016105,340.2087065347407
82,286.92749174949137,240.02684871382522,100.02297639613795,340.17515550226886
83,286.92458218536945,239.84889113800818,100.07702439757175,340.1595880445924
84,286.91403867348765,239.82849205399984,100.05142347039633,340.17155809084267
85,286.8925911551244,239.91839477113024,100.10297406486173,340.2240058430974
86,286.6722916618567,239.67740775563314,100.2397773286096,340.32158249270316
87,286.79979607951634,239.65566585164734,100.2853483740525,340.3392917920112
88,286.6583079635289,239.6674612721558,100.58490760864565,340.3225167405439
89,286.7304719281769,239.68798148761675,100.01466558571401,340.31375930477634
90,286.8401655209863,239.70872579806587,100.13056482837472,340.2836788133488
91,286.8802645153092,239.9132313373673,100.15148019232875,340.2522579766624
92,286.94835352184555,239.8719237415029,100.08990641145361,340.21788418855436
93,286.9031858988072,239.77702113833845,100.31915352049316,340.1804413750954
94,287.0595574379623,240.05948421946928,100.16268684291147,340.1867825195371
95,286.83985543434085,239.8503243895316,100.66401623998223,340.24619828998806
96,286.8016695765594,239.66957373363292,100.02646853502155,340.2879918388448
97,286.71534526602125,239.71211185004972,100.40086514581195,340.35840712488454
98,286.695542818341,239.67026837941305,100.56822883912713,340.41617809617844
99,286.6915656156787,239.60118023302837,100.42796281332365,340.36425650864055
100,286.63049422035806,239.5599701505403,100.63824551012505,340.3215116273679
101,286.65183585862155,239.4980545531479,100.11503966482114,340.2302062004792
102,286.75499168247615,239.46487742642364,100.20978492918151,340.22645245075944
103,286.7060524817164,239.43736185429773,100.33936633369876,340.19888003595923
104,286.8436514108046,239.79695456736158,100.26151231529549,340.1982686164219
105,286.884942999361,239.73000632537455,100.2797284711948,340.2412387376767
106,286.7549872498607,239.6291293261024,100.5176029015413,340.35559770350164
107,286.8142337342163,239.68431169503842,100.18056580769922,340.46507005521494
108,287.0488603101612,239.8564568058538,99.91032383086598,340.48812966314733
109,287.0160164502705,239.94918897159994,100.36837647088994,340.42751377629725
110,286.92016495275385,239.78012601635865,100.50577138918665,340.3839467056487
111,286.9062874751326,239.7075096179196,100.44443336513139,340.30226998279824
112,286.7463875098416,239.24230793856648,100.93065894111606,340.23102392323506
113,286.8047831036767,238.81235472047692,101.96117471586268,340.20736033915995
114,286.78624912689503,239.01145381591155,101.56808589222322,340.1992510038868
115,286.70810139638036,239.0554235872555,101.36124212257307,340.20190003927263
116,286.8183560249072,239.28686274824963,100.64754288377618,340.2445488675112
117,286.8592800836861,239.29835952450364,100.77948925043678,340.30958614394
118,286.8906246834383,239.5098422862607,100.98204183314796,340.34155882256414
119,286.8898547376545,239.3091093406151,100.60531161006917,340.34568320471186
120,286.6931435326781,239.04624964401833,101.35376445786416,340.34862956725374
121,286.7628296966904,238.9903275908692,101.1821103026283,340.3063973031034
122,286.64758139791576,238.8124799604543,101.27916020373772,340.2958672049185
123,286.7766316494659,239.0100702067468,100.54976817716748,340.2424112883271
124,286.92880960504715,239.14743784562424,100.8192061395845,340.2137424322337
125,286.8160131495451,238.96875571024245,100.82585850515983,340.214094621724
126,286.8759582422353,239.18872443481882,100.9853578532544,340.20633846232323
127,287.0125901139549,239.0292021350377,100.1460583938425,340.2506040309831
128,287.10128592079474,239.47944780077862,100.68795877570604,340.356422539382
129,287.1830234337836,239.44215766311868,100.33685542768814,340.4045310763828
130,287.0528077161643,239.27058776974377,100.84278952359914,340.4095548960275
131,286.79606621699196,238.86787912669624,100.93758986048884,340.41505640309816
132,286.9644367060752,238.94004801666404,100.68608413526998,340.33361248907147
133,287.0042263109745,238.7899695719012,101.09157496170751,340.33212817756464
134,287.08819733022614,239.17004934283474,101.04715635818734,340.2379425962926
135,287.0259173780778,238.86857471632536,100.91493311674442,340.19874317567536
136,286.9787583121865,238.77940837321208,100.71078212409883,340.20251099319654
137,287.05659331801115,238.88007193408077,100.48402624297275,340.2178937045317
138,287.2240173217985,239.12764266416625,100.34355282480026,340.3036585815384
139,287.16214540090544,239.2007283800253,100.48858457447592,340.41173999741244
140,287.2027606061628,239.09537262691921,100.11987860374641,340.4156426091766
141,287.28007710257776,238.78831031584085,101.23858179124291,340.4036715067604
142,287.2538095129429,238.217506484766,102.64304550098797,340.3543726162098
143,287.27256241118084,238.6400291006455,101.27790938946214,340.2778606431606
144,287.34679758348403,239.02175721599846,100.24961395579908,340.21466777591485
145,287.30412579470004,239.07534343857515,100.31623603276866,340.20351074171907
146,287.27605801977984,238.95591332914566,100.09207065086746,340.17780103871945
147,287.48627364537236,239.29083219105436,99.87818200100743,340.2068338632924
148,287.5731000009553,239.41973530972487,99.72603901865978,340.287907620186
149,287.62023477188774,239.52880834891832,99.7851471177914,340.36503091157346
150,287.595900877772,239.5499316281796,99.84892415947114,340.4024251386901
151,287.67498434119733,239.43678026764493,99.64254441639987,340.3934538406439
152,287.6420686659397,239.43804922932077,100.31555481190996,340.4047859953676
153,287.7585631027844,239.59209313387916,98.89482950750575,340.29705433860426
154,287.99310107318985,239.96387115661605,99.62203685774934,340.2373104772508
155,287.85377954821104,239.79979363233545,99.67780844215419,340.1904214073647
156,287.8158770495409,239.84572800818407,99.67335698709462,340.17592828425444
157,287.8006227222868,239.56061992654142,99.42538840671598,340.1502036132939
158,287.83152445799595,239.62114849739837,99.27343446071033,340.14682020610155
159,288.06394246532915,239.9147855048592,99.08328927542799,340.14439337945396
160,288.1049271266936,240.11624155482832,98.93384457414983,340.1862677756673
161,288.12340050948484,239.84827818577574,98.95754500023598,340.2403423914679
162,288.1925851163227,239.98695025281404,99.0138970334368,340.2859056584461
163,288.2402332941868,240.05434246884627,98.99232861626417,340.2934681159148
164,288.32924478412633,240.1760667715681,98.84757830904427,340.312814475678
