,tas,rlut,rsut,rsdt
0,286.5476759734609,239.87072038387234,100.30744935928739,340.22249418742666
1,286.6803279992911,240.06949817693396,100.04185447556199,340.20581732667273
2,286.53064137746566,239.78972923658182,100.53745463369559,340.20352278153183
3,286.5675984754261,240.03719231519378,99.45076329270036,340.18862705939443
4,286.6153295651976,239.98027688806118,100.22084043117985,340.16088659709686
5,286.55446113061305,240.01589808723983,99.84623009428923,340.14462445913665
6,286.6326717220443,240.0107844466661,99.8494186226712,340.13841553666106
7,286.63237972746725,239.90196387605758,100.03557806170996,340.1487649070889
8,286.6455662330663,240.10987337071137,99.79995429971122,340.17802504304535
9,286.59563541146287,239.90185672470696,99.96517672062451,340.2056844842874
10,286.4591924880498,239.83261076444288,100.0770671099083,340.2295499986688
11,286.5780243815171,239.85099257987164,100.02892316215794,340.2254418542943
12,286.74473061400766,239.86829287651426,100.15823276681535,340.20430138331056
13,286.7008099867547,240.01403606786198,100.47120918848157,340.1899957284758
14,286.5404167331736,239.82898631222102,100.07151025038922,340.17317616510564
15,286.7210591349108,240.0979659450718,99.76462810345792,340.16552532906223
16,286.6605508240695,240.01536151974358,100.14099095539399,340.15958526476703
17,286.42980047587736,239.62635238138662,100.20184868141799,340.1524942898926
18,286.53956168818564,239.87865971306985,99.75802469276483,340.165806377263
19,286.7213916247104,240.2291446043556,100.06901464151589,340.20102337258635
20,286.573525751872,239.81083313995543,100.21432579983274,340.200294957753
21,286.7033030652422,240.20914144479698,99.75568871410076,340.2248538389918
22,286.57430590545846,239.91088349217696,100.38657299112572,340.2121932169436
23,286.4085121869203,239.57952206086648,100.59158247012874,340.2007425828659
24,286.51372006773516,239.85089642237196,99.80495212161351,340.1824258150313
25,286.5926490547129,239.88650374257816,100.15141872234894,340.1532943911762
26,286.5288800188944,239.8755317926375,100.31186600330388,340.1388683405652
27,286.5343868069342,239.92613484456044,99.99083143858235,340.12906492655526
28,286.65123067005567,240.12089739323883,100.04011928795433,340.1194069578166
29,286.69764603835466,240.1047085799587,99.98824771396299,340.11891918723927
30,286.6375876016986,240.14382724184694,99.97144848878752,340.1430082310539
31,286.6194253874157,239.7067741366051,100.57568563573044,340.1810612649061
32,286.54123385883446,239.80300177376395,100.17179714791655,340.1717651333465
33,286.549319114812,239.45329985069338,101.42547199069774,340.1715023580638
34,286.15078030193445,238.50647120551608,103.10261076998326,340.2151142303659
35,286.26262481875614,239.08499672711204,101.16224215180773,340.1861071555431
36,286.3478834084965,239.09829045003414,100.64732006122993,340.16145243664755
37,286.4668599946693,239.4565199242936,100.42758186221675,340.1392915502544
38,286.3872065193947,239.310259888344,100.26141409708843,340.1263128015765
39,286.55585408362845,239.70407214148176,99.913093344735,340.1255597763266
40,286.5516822776463,239.62157111009336,100.25653771367308,340.13062561134967
41,286.35640020180665,239.316510114934,100.89232263040184,340.1763172942793
42,286.5833682294887,239.7521622707874,99.86482736921182,340.2151244189574
43,286.61296504075693,240.0394487531681,100.07999927294969,340.2559081634009
44,286.58913458699186,239.84543515246742,99.93337573138331,340.2841215934715
45,286.6490525996485,239.943772019896,99.99375665644465,340.25773316323205
46,286.7304703366252,239.87842896919196,99.98423657769736,340.20930121158426
47,286.6861667883051,240.00582568265085,100.14478620552153,340.17817112349934
48,286.6139781182295,239.9299003130443,100.09107401985149,340.15590438767566
49,286.745948143056,239.97611066131228,99.72450393796909,340.1452364894484
50,286.6746011940234,239.8412316341955,100.33345188683786,340.13315094773606
51,286.5813838293143,239.79865827913417,99.97366448758736,340.11512116099806
52,286.63851645066853,239.6875255124647,100.16575054270942,340.11722901096374
53,286.41791669656146,239.1036036495143,101.81122221099321,340.1473385813895
54,286.42259125439097,239.2543836457162,100.84854142334491,340.21477024685896
55,286.6082386829227,239.76776905238432,100.24428119067153,340.185000308664
56,286.38976998152583,239.53452378558038,100.6341412065813,340.2411077198914
57,286.3503098843091,239.19675964528696,100.51145241854,340.2069321338493
58,286.4272018366974,239.42910653761612,100.49403446216051,340.2237548144642
59,286.4642223751045,239.4516508369658,100.31078127022654,340.1944198694682
60,286.6171567645562,239.5348573468494,99.81786960355943,340.17394395905734
61,286.927786512768,240.14725976125624,100.03091379835433,340.138150350768
62,286.61543357822035,239.41571963145202,101.1396648313955,340.1226232364041
63,286.49374228378446,239.35865930419382,100.65949225123991,340.1245765492375
64,286.7758830055269,239.62523932287328,99.98804877073202,340.1466605104029
65,286.67203882461723,239.78164518146744,100.44975264964022,340.2193649242676
66,286.6237372832082,239.66395695049835,100.29810081111854,340.2859580851239
67,286.72796927926913,239.63073654028912,99.96829181566237,340.3288390565477
68,286.8226403490979,239.99939644524147,99.98093139054673,340.3368607813997
69,286.7713331101577,239.97179323445926,100.0206511816345,340.2734305596202
70,286.7020244498363,239.6893504677025,100.1759080818365,340.2206307967636
71,286.59777179063764,239.47931187705987,100.3610010708734,340.18371657032793
72,286.8668617288593,239.92621503245536,99.64434907084797,340.14726866455567
73,286.7798456286638,239.5758188829842,100.21361943891843,340.13377809512895
74,286.8956848538746,239.9170446946055,99.77308287936386,340.14778900441655
75,286.94676849687,239.90321032113658,100.10186743158467,340.2033464804594
76,286.87671487168717,240.0135729576898,100.07261895429012,340.2269924805707
77,286.85076846609746,239.85962208933861,100.22302373575995,340.28741155919937
78,286.9218726655377,240.12232744415886,100.14057290998092,340.2636487467042
79,286.7527679646449,239.7238645219762,100.59823941321076,340.2576004272251
80,286.83759204401844,239.8413152591,99.5156193250736,340.2355185904686
81,287.16102959538085,240.13218084329137,99.28878497464224,340.2087065347407
82,287.14619214610053,240.38021571210152,100.27183145309321,340.17515550226886
83,286.7819459349777,239.8918434094477,100.48736855618029,340.1595880445924
84,286.76711343204494,239.6318248734767,100.19238625012918,340.17155809084267
85,286.9302779773534,239.94974657088707,100.04165222374694,340.2240058430974
86,286.7455533197065,239.75605729450663,100.21401286090833,340.32158249270316
87,286.91176355286643,239.90604075615775,99.9517439963066,340.3392917920112
88,287.0755512929134,240.22765122314857,99.85013533895277,340.3225167405439
89,286.98737900938505,240.07723134243918,100.04422419503213,340.31375930477634
90,286.8447259679469,239.85070253516093,100.46177332573912,340.2836788133488
91,286.799346849747,239.6560440598372,100.12698442877793,340.2522579766624
92,286.9726942170125,240.1362434887313,99.97334227399482,340.21788418855436
93,286.83548584500505,239.79598684048653,100.35521656730107,340.1804413750954
94,286.74419087726534,239.48016448826286,100.49262219213837,340.1867825195371
95,286.7444717430997,239.48790399819268,99.98291179703297,340.24619828998806
96,287.00695357231274,240.05186643029467,99.42662328664723,340.2879918388448
97,287.0818298997879,240.3089812158897,100.0486978076155,340.35840712488454
98,287.08265615542336,240.23348643659162,99.97539405098387,340.41617809617844
99,287.0329073863284,240.32043011443758,100.30704810318032,340.36425650864055
100,286.9213216261792,239.94745451580332,100.39292369877819,340.3215116273679
101,286.7932837446703,239.51549821922038,100.58343922527388,340.2302062004792
102,286.81227957021053,239.72679632798676,100.53570891676581,340.22645245075944
103,286.8124831816737,239.46931153760806,100.78165564250487,340.19888003595923
104,286.7496798889718,239.3450107959534,100.30998980806281,340.1982686164219
105,286.8894779901892,239.77849449825496,100.34675389181706,340.2412387376767
106,286.8405886891841,239.5929348052674,100.28799064987722,340.35559770350164
107,286.92043413254515,239.89908517543856,100.38838338850523,340.46507005521494
108,286.859248743142,239.75846401943147,100.079639491742,340.48812966314733
109,286.9552820745498,239.90105464500172,100.06123629491232,340.42751377629725
110,287.08102163627603,239.84070893233627,100.37621616787317,340.3839467056487
111,287.1066687486572,239.90308148088704,100.55631923121462,340.30226998279824
112,286.94066608929774,239.625730027998,100.84816271414894,340.23102392323506
113,286.7527317836422,238.8858136708651,102.31409849790833,340.20736033915995
114,286.6796912039226,239.07711614648306,101.69017390506788,340.1992510038868
115,286.63787460771056,239.10909961852963,101.18046716450242,340.20190003927263
116,286.65059369790475,239.0758874429172,101.05861951041386,340.2445488675112
117,286.66832336681546,239.03646634957076,101.14579310311667,340.30958614394
118,286.61256882816093,238.95715808200168,101.13106975664222,340.34155882256414
119,286.79928892963915,239.24099189827055,100.38238845445095,340.34568320471186
120,287.0310782097952,239.503732050792,100.18991457798789,340.34862956725374
121,287.0579490270616,239.56068462588487,100.74744881937418,340.3063973031034
122,286.75101003358196,239.13630858827756,101.20361602438294,340.2958672049185
123,286.73629569926146,238.8765995121537,100.51557395270935,340.2424112883271
124,286.86162511338085,238.920181502195,100.96510229361307,340.2137424322337
125,286.86729124102675,239.03128841789388,101.1429525243205,340.214094621724
126,286.8661359545777,238.95522648047657,100.68768072099279,340.20633846232323
127,286.9066254004516,238.9844346400652,100.6138273346263,340.2506040309831
128,286.91807907879524,239.10150846870397,100.7973204598586,340.356422539382
129,286.9627254097746,239.21506943536392,100.52796256821374,340.4045310763828
130,286.9823383065414,239.20448442335626,100.67353305602694,340.4095548960275
131,287.17005226019484,239.3815981822671,100.38485720639757,340.41505640309816
132,287.09129224725774,239.14903220683652,101.06330440134529,340.33361248907147
133,286.9764730966795,238.70064090818428,101.67983103470283,340.33212817756464
134,286.9174660676792,238.80202089419024,101.09002378450924,340.2379425962926
135,286.91103441263624,238.7465133809521,100.60701039839154,340.19874317567536
136,287.0433976888227,238.8566354457108,100.39404127016951,340.20251099319654
137,287.09749212226217,238.90293477372066,100.37772096345071,340.2178937045317
138,287.17284287415765,239.14849648706982,100.20182372429637,340.3036585815384
139,287.2802273365399,239.44773549766236,100.23807368695584,340.41173999741244
140,287.426614833691,239.33558327550148,99.77951646057886,340.4156426091766
141,287.51453877314765,239.2342562891308,101.36617589332916,340.4036715067604
142,287.12421857744823,238.3063554645096,102.94535080955079,340.3543726162098
143,287.0634492017635,238.49541539486094,101.48521342734779,340.2778606431606
144,287.26752955139676,238.94272723819518,100.25231782752962,340.21466777591485
145,287.32266120790723,239.01159396161418,100.05110619462177,340.20351074171907
146,287.2667560816653,239.07942343252012,100.10460569182266,340.17780103871945
147,287.35146163163273,239.08998090894474,99.97672424963663,340.2068338632924
148,287.47063461351746,239.3010622754707,99.59717778831396,340.287907620186
149,287.7382878568799,239.6779749039147,99.5215576626456,340.36503091157346
150,287.87975368485445,240.08418499216637,99.41041896219427,340.4024251386901
151,287.69016842431284,239.67044417207742,100.05350537206925,340.3934538406439
152,287.87799898314546,239.83275652047027,99.31051577772475,340.4047859953676
153,287.90076815231504,239.92725798305742,99.0877479345064,340.29705433860426
154,288.0347493003632,240.00343541406855,99.16503222795052,340.2373104772508
155,287.9149345806475,239.63365642637345,99.79453503441277,340.1904214073647
156,287.8542935900694,239.740543445417,99.26261431360625,340.17592828425444
157,287.7845037139378,239.52242430500723,99.67437766588256,340.1502036132939
158,287.967634974394,239.59596254313587,99.23628045585438,340.14682020610155
159,287.99495438597717,239.726060139017,99.37653618906097,340.14439337945396
160,288.08660340142336,239.9330681456305,98.79301203749064,340.1862677756673
161,288.22801333810224,240.11918153199676,99.02654379922915,340.2403423914679
162,288.37949314988396,240.3793857477092,98.64486042799098,340.2859056584461
163,288.42618708867025,240.2872696661906,98.92834335486924,340.2934681159148
164,288.4451746325557,240.41933706936285,98.62389667317406,340.312814475678
