,tas,rlut,rsut,rsdt
0,285.6990780497885,234.40832572100427,105.81396133891134,340.25624151904304
1,285.7233472264394,234.54111494015615,105.11751301033262,340.24577143438256
2,285.78166795356447,234.70084153143316,105.50688278791226,340.2439845144584
3,285.74603895027684,234.33118709098827,105.83598992843211,340.22423230693204
4,285.6920063296637,234.30849130891406,105.8451549713568,340.19731738408956
5,285.71216354020754,234.78967795283168,105.98762065698041,340.18044805624913
6,285.54715333198374,234.037810264899,105.8758336938868,340.1757175924858
7,285.62201709367895,234.13266129015244,105.93465585526876,340.1876346217512
8,285.58705827636777,234.5622809505305,105.94299853414508,340.22090847916775
9,285.6146460675979,234.1861322284968,105.80972314238177,340.24848918572206
10,285.62083806061304,234.25742564712615,105.72914785657848,340.2694044787794
11,285.5216428902772,234.23315581231273,105.86665661199986,340.26506313861927
12,285.6475340372326,234.30946756514027,105.67561210613275,340.24113572557263
13,285.68442652077215,234.76798375698556,105.44785505577623,340.2268680286397
14,285.70508573563745,234.57216164830365,105.90146474428191,340.2133337493561
15,285.68703506684864,233.98192676921153,105.63756722111678,340.20197925702445
16,285.8129299887876,234.56164868588584,105.26189345211861,340.1964125430705
17,285.69760801784594,234.43748972391174,106.05723495050006,340.187833242272
18,285.6249867235148,234.07397708797566,105.75079587719455,340.2069462235434
19,285.79928410376044,234.2969291829249,105.54625381609422,340.2418759035099
20,285.7657123373798,234.71815423610892,105.97241011429325,340.2448781149831
21,285.52375158284696,234.114460912563,105.87548993068656,340.26523886087574
22,285.6538326641426,234.09041891600955,105.51240430666336,340.2545454270557
23,285.66182004912434,234.76146925980925,105.67385532839762,340.23580622125377
24,285.6595874464569,234.48792813599337,106.04721971030045,340.2191890577721
25,285.5917842840405,234.00434273599248,105.77067818343578,340.18861099590373
26,285.57387925510426,234.05669320989102,105.84444992074378,340.17462166175227
27,285.6656576393626,234.12281466140348,105.82281193773474,340.1657387230154
28,285.7040065742885,234.42825034996937,106.08971591977972,340.1543631131435
29,285.5580461070371,234.070662732678,105.99311394840485,340.1569290314865
30,285.6421646919767,234.113786047849,105.66972720660836,340.1843319412607
31,285.77823531736556,234.67418245519954,105.91085398615085,340.2222484063576
32,285.57707301524283,234.42817254060836,106.5004678195416,340.2139971737502
33,285.4008938168002,234.33038088854525,105.86915167073933,340.2089214630172
34,285.3532311191179,234.47332070736414,106.40508920133247,340.25322394060225
35,285.3866960081064,233.83176486112993,106.1599798708528,340.2254771291683
36,285.53460244707054,233.97136792400931,105.88235584827869,340.1928750614533
37,285.5803600888465,234.29142095829545,106.27661544462929,340.17313461512407
38,285.5519478059629,233.92196113368274,105.72211209328754,340.16542067279096
39,285.4787262855472,234.23088267717932,106.18002534106522,340.16281963671764
40,285.38816299940885,233.75985349280086,106.1512120078048,340.1696295026184
41,285.46342536972253,233.80679231818377,106.31448247454072,340.2194241921311
42,285.5649670279213,234.0289952822103,105.85548826452765,340.2603381652362
43,285.58810745028444,234.1536079584741,105.87431191584149,340.2924257183019
44,285.5510956914698,233.80076073158617,106.22079247230705,340.33129740808704
45,285.64243304853136,234.30195167164945,106.20902928324682,340.29441105186976
46,285.56843200741434,234.03333757357817,106.09412664585993,340.2446944012728
47,285.73887458016395,234.32852987647834,105.72893084740952,340.2117024045297
48,285.7684973898322,234.24262482155459,106.22077514674181,340.19730234544005
49,285.5891132369274,234.04544660311922,106.0403322647055,340.17910764240963
50,285.6196139178061,233.98581216976038,106.09752460785177,340.16854265108145
51,285.5659230292285,233.9830851148223,105.94368743092365,340.15093724678917
52,285.52671774136815,234.17194002229664,106.054350426234,340.1551147953611
53,285.44293722945145,234.26685061412738,105.86479586513322,340.19128947932137
54,285.55392178172673,234.2069893844638,106.35536435585152,340.25604362434575
55,285.42677170129303,233.80259621064897,106.36528987294575,340.2270993588264
56,285.5531151402267,233.85615738111719,105.74220814346444,340.2742839839077
57,285.61912859684566,234.11283329719893,105.933845511657,340.2490213761625
58,285.63349829336056,234.26213697194612,105.95155268844348,340.2650304880122
59,285.6546989378472,234.35651163404384,106.26059140309144,340.23189551525445
60,285.5294694008483,233.76164686099955,106.28408008466768,340.20792501635765
61,285.6547115657101,234.2247886114617,106.33299386959793,340.17240946283476
62,285.4085269082755,234.05527825656768,106.68115855244343,340.1589052217946
63,285.37540467186955,233.62477096085638,106.63940194602971,340.16198963403724
64,285.4417075804993,233.75438527066459,106.12523294131039,340.1891447340125
65,285.4975824095339,234.18354076152784,106.39933841783055,340.2668267529844
66,285.4302808921748,233.7355946484113,106.53384193844744,340.3289700642728
67,285.4298451399582,233.55778912832542,106.36677601396941,340.37063395988145
68,285.54590513747127,234.0359665975577,106.02923168977902,340.37791213112376
69,285.43785554567177,233.5704652350057,106.04557161698746,340.31378954956637
70,285.57209322196314,233.8037291588697,105.90470127635018,340.2531400264123
71,285.6941859328809,234.06207047499527,105.8944121483546,340.21574637426244
72,285.6686308110363,233.8831479806379,106.43493743487313,340.1813360415586
73,285.74175207010364,234.18031462774374,106.39201570986818,340.17392806170915
74,285.7022877434659,234.29320046094688,106.21111460062376,340.18907029800374
75,285.65113980402003,233.918351209527,106.11329709904281,340.2291895204601
76,285.6389787336994,233.7715251516964,106.20978608832978,340.2855250722918
77,285.76668408408096,234.28364667761153,105.79043134509853,340.3320829973013
78,285.68737808664287,234.45351866648278,106.37782934636442,340.3018130639384
79,285.6457482404692,233.81875221479365,106.13226067607638,340.2853112929336
80,285.6547427232726,234.00687725136652,105.85957639880588,340.2865523309269
81,285.6471039765279,234.41971351498,106.1186127711833,340.2427986826139
82,285.5472051500032,233.95487292244866,106.52248573948549,340.21094303585534
83,285.61649639074835,234.17483801108483,105.82522061489628,340.1970747381399
84,285.65458993037015,234.11828622166954,106.25041624526183,340.21243545638686
85,285.610190435049,233.940547446385,106.3248427366601,340.26406702951545
86,285.6293995623141,233.7155929786936,106.13547757492893,340.37699787723756
87,285.7033317922405,233.9959718425414,105.78585099795085,340.3841356496034
88,285.7965552633121,234.28653473899578,106.17515266085182,340.36291219323795
89,285.7302695558518,233.9756931680694,105.95490281762949,340.3582716536107
90,285.78873713828125,234.30823906766526,105.81223036553483,340.31982824434147
91,285.71938133861187,234.08407868931513,105.80454359532284,340.28902297984115
92,285.8274755224365,234.12053298073104,105.73290281323985,340.2522551859966
93,285.79685218781896,234.3999411119211,105.9947068528702,340.2157847102938
94,285.73597019627545,234.25130838286668,105.97136922261949,340.22649554190275
95,285.76949012880283,234.40859610768055,106.09787492176689,340.2955617251618
96,285.66881805147864,234.05545926471382,106.13951769483093,340.3285798693928
97,285.7330945307619,234.32154868739158,105.73721954749534,340.4172602552663
98,285.71414918195876,234.36060120685613,106.11566526968288,340.44857916178967
99,285.6948631923481,233.9257413110031,105.9908082505952,340.4182276179045
100,285.7504689276141,234.00497538080708,106.277497429736,340.3529993483477
101,285.71789229085783,233.94594248957506,106.26745877725313,340.2663950278746
102,285.6288481170305,233.94068383239588,106.07855257563791,340.2621154479895
103,285.7600520558364,233.95559533146184,106.03530175163877,340.23673992574317
104,285.78669588850653,234.034863186411,106.04531984331159,340.2368827077287
105,285.71050671246945,233.8545798448835,105.8762076236859,340.2906334334343
106,285.77830178761434,234.1373465217055,106.60319800813619,340.40777349395506
107,285.7436721519273,233.94082364628812,106.39012853371173,340.51826140623047
108,285.7679736373126,234.07893127659688,106.8230733322729,340.5311425248156
109,285.81817778707693,234.06139649576957,106.02845410463118,340.4691738054928
110,285.7162099910133,233.86991148226312,106.33287780906049,340.42651028213334
111,285.75316187502256,233.90975853091075,106.5187808422538,340.3339258565852
112,285.82930486482707,234.0598362605075,105.84550538160971,340.2677319748571
113,285.7114488302375,234.51982397239445,106.58233250382534,340.24547875724045
114,285.70543086261614,233.8296968425689,106.83243710343204,340.2348797781896
115,285.773189754351,233.65936822639426,106.06584645075168,340.24070474771753
116,285.8712583716889,234.14009629266295,106.5264039628745,340.2906768039442
117,285.73054822787725,233.6548063951969,106.74488819828127,340.35266147178965
118,285.7273820880141,233.719943122416,106.36907604780305,340.38582880099324
119,285.85501663337027,234.04962137590624,106.45906598403356,340.3910113717449
120,285.7384629627267,233.2579096032199,106.71654961306382,340.3950280738948
121,285.6523494930561,233.2483416898318,106.60636655664558,340.3392286561323
122,285.76295701572303,233.4809203968961,106.45953411217533,340.3351884941588
123,285.8730301363959,233.77084732663772,106.32582598419673,340.27935834054546
124,285.7539667751918,233.34551313442338,106.66773395357707,340.2518596377295
125,285.8414458288066,233.91149662089092,106.3587962540836,340.25245626295003
126,285.7803023170173,233.60668022364828,106.54826653653362,340.24323110419476
127,285.7765402492133,233.52083166314287,106.92435048126235,340.3027143653465
128,285.86500125507945,233.30631493623898,106.41249754020608,340.3914782229931
129,285.84784441931964,233.41183860178384,106.90684871755406,340.4688649218287
130,285.839968105673,233.51312604351747,106.75535659449542,340.45278957947545
131,285.96994396061797,233.4059082856676,106.48972682206556,340.4590578571349
132,285.9245594654594,233.41512366290132,106.8497709369268,340.3736912979627
133,285.89196116998784,233.0187910165777,106.76031495898515,340.36972989813705
134,286.02423375380187,233.82238349387615,106.42933890738563,340.26905653736077
135,285.8838700517217,233.33304114904357,106.8117928364987,340.2365210166726
136,285.9035591274361,233.17305869033927,106.72773714956962,340.24078284109055
137,285.93753018118394,233.22544577312863,105.78487889718032,340.2620744959557
138,286.0925144645309,233.54895890622353,105.9266328084987,340.35052693053666
139,286.1941480681781,233.92312658767705,106.51229532312631,340.4711067920177
140,286.1185136885645,233.32454409215393,106.39171844856433,340.4485141015933
141,286.1110687932394,233.5651130960131,106.49914879980834,340.4438191578251
142,286.0894561368876,233.62494524662864,106.75914800867083,340.4043626499065
143,286.0184725801305,233.41378703859652,107.05133593108162,340.30855888356757
144,285.97700590491917,232.97616086127786,106.48937398263318,340.25149998063574
145,286.12921065698725,233.12634026057643,106.29831301279927,340.24035984644803
146,286.1077826439351,233.11651657154002,106.23161587366137,340.21646045333017
147,286.1731387426567,233.5402267854802,106.04025528714395,340.24879376667343
148,286.2049374441533,233.320652106294,106.30322435296428,340.3404887704006
149,286.25133606943564,233.57369467784034,105.90882386359137,340.4075006382163
150,286.2845383898514,233.49352474895747,106.6453267465945,340.45843006918454
151,286.3304212481534,233.20521132653587,106.03150506365158,340.4374040381644
152,286.34252611497965,233.54114358511353,105.97544882014815,340.4476768877178
153,286.40309793641103,233.4442884999613,106.52560585634923,340.3266158501328
154,286.36674875257256,233.47808091572253,106.19520884614842,340.27452258589636
155,286.3622576392811,233.43441387567182,106.18634649284432,340.2222409528475
156,286.28816541974015,233.09124193010567,106.01627156825496,340.2104709340812
157,286.3104544613878,233.49693164299728,105.8826280846581,340.18798650151695
158,286.3973912317584,233.55481083287688,106.08548573709429,340.1832169107045
159,286.370278851675,233.48101091647558,106.04094988638637,340.18317082498726
160,286.354585607938,233.30417642639438,105.83924046758001,340.2264949016873
161,286.5050254872669,233.70485713823516,105.91394289837376,340.29389358472184
162,286.43650766734135,233.68441508608296,105.83048074494856,340.32171409661476
163,286.5064343885501,233.6807666901291,106.08434808705256,340.33777789600197
164,286.5171013863828,233.5455781694143,105.73254572398895,340.3571269063911
165,,233.61145114682407,105.56923514911757,340.29879542295464
166,,233.97140674582374,105.65326890727106,340.22627392376427
167,,233.2568973496342,105.46407575689854,340.2073937163649
168,,233.62917891439304,105.77582098200058,340.1996644788829
169,,233.60737050178307,105.87988521752095,340.1983955612322
170,,233.76564951214027,105.1704223901782,340.2086710207509
171,,234.0931921619991,105.50166498178153,340.2800847810357
172,,233.59907065896076,105.39342711600712,340.3580140811892
173,,233.6426141931959,105.83111627451284,340.40155724189134
174,,233.84036662790285,105.63430353190064,340.4202372804288
175,,233.77689068667712,104.81151851166055,340.3762410322871
176,,234.08580788931963,105.33294290238615,340.327480889268
177,,233.7308848317,105.82192562751395,340.277290492524
178,,233.56202997655544,105.23636437391758,340.25767931682236
179,,234.23046814214914,105.342402308839,340.2243793804608
