,tas,rlut,rsut,rsdt
0,287.24767541494674,,,
1,287.5293696339284,,,
2,287.32786711950376,,,
3,287.0668374960452,,,
4,287.2271142123033,,,
5,287.5814348208605,,,
6,287.50720954943455,,,
7,287.4253340600115,,,
8,287.1817112198607,,,
9,287.1701234239784,,,
10,287.2008941481335,,,
11,287.123636137526,,,
12,287.10395028844357,,,
13,287.2402336797698,,,
14,287.5581442392453,,,
15,287.5701861567764,,,
16,287.3130707993142,,,
17,287.12393904277945,,,
18,287.22043446088975,,,
19,287.30001136370714,,,
20,287.4303622871205,,,
21,287.24663934663266,,,
22,287.250726610921,,,
23,287.35571460216676,,,
24,287.52648901597587,,,
25,287.5099527364876,,,
26,287.3573397646333,,,
27,287.2701201985499,,,
28,287.212315029485,,,
29,287.35737619084387,,,
30,287.62982727944825,,,
31,287.3408293317945,,,
32,287.04434721006425,,,
33,287.1761971283003,,,
34,287.18142260836765,,,
35,287.3589642406682,,,
36,287.2070662445222,,,
37,287.0024505156005,,,
38,287.17953764423925,,,
39,287.4299893135078,,,
40,287.2854725835844,,,
41,287.25291616221756,,,
42,287.5404259769752,,,
43,287.37847866110536,,,
44,287.1601845373615,,,
45,287.28745406672084,,,
46,287.48283927239453,,,
47,287.47683747851374,,,
48,287.18176557455496,,,
49,287.23402004118435,,,
50,287.56572869003645,,,
51,287.6372697723876,,,
52,287.24869765613454,,,
53,286.91414309350927,,,
54,287.11425346751946,,,
55,287.4329934754996,,,
56,287.48468906920897,,,
57,287.234959402605,,,
58,287.18800716721995,,,
59,287.3138990956229,,,
60,287.6013372451087,,,
61,287.6452302416911,,,
62,287.2402258425016,,,
63,286.9811715285275,,,
64,287.15524219530226,,,
65,287.4133504245926,,,
66,287.6797984343739,,,
67,287.4136409279132,,,
68,287.31219154776915,,,
69,287.4217314021502,,,
70,287.66792178039344,,,
71,287.61304609032743,,,
72,287.3366805335424,,,
73,287.33714502627686,,,
74,287.347045923887,,,
75,287.6024795791008,,,
76,287.64919821507345,,,
77,287.307560212439,,,
78,287.301234144459,,,
79,287.4431176120529,,,
80,287.6931287013896,,,
81,287.75243486135366,,,
82,287.4486370687683,,,
83,287.3344871311549,,,
84,287.24908249842014,,,
85,287.3362819836875,,,
86,287.49156042440757,,,
87,287.6605992508811,,,
88,287.3540563315592,,,
89,287.3091372761775,,,
90,287.60607200368304,,,
91,287.6772982885689,,,
92,287.4563478803999,,,
93,287.2065834381545,,,
94,287.18280341914743,,,
95,287.36928693367025,,,
96,287.6698931738363,,,
97,287.4997593769079,,,
98,287.3594064323056,,,
99,287.3688398332779,,,
100,287.5905854515093,,,
101,287.7823057357105,,,
102,287.5035916458671,,,
103,287.2371514517043,,,
104,287.31035707716194,,,
105,287.3040682687814,,,
106,287.47322741148383,,,
107,287.5948787744682,,,
108,287.77931970839694,,,
109,287.4834148134266,,,
110,287.3738158790177,,,
111,287.36124215351134,,,
112,287.6390232106221,,,
113,287.58081679396395,,,
114,287.09102307141603,,,
115,287.0279614250272,,,
116,287.28713631167307,,,
117,287.4164634323711,,,
118,287.3331980775154,,,
119,287.58017612388136,,,
120,287.71875779517995,,,
121,287.75157854080186,,,
122,287.444804503385,,,
123,287.3113205492393,,,
124,287.4318581468123,,,
125,287.53207221793923,,,
126,287.79491962115384,,,
127,287.5567200303492,,,
128,287.453200652145,,,
129,287.5348301588345,,,
130,287.91013485174653,,,
131,287.90803399787814,,,
132,287.6239030595883,,,
133,287.4577107241218,,,
134,287.47650314944013,,,
135,287.6350743730968,,,
136,287.9124605195572,,,
137,288.0143113621266,,,
138,287.77535921282407,,,
139,287.7773943763343,,,
140,287.77414589518594,,,
141,287.9005506825018,,,
142,287.81498740632765,,,
143,287.82012971425075,,,
144,287.6503049936774,,,
145,287.81995871971543,,,
146,288.0985891833199,,,
147,288.258768512358,,,
148,288.00264839850416,,,
149,287.9216508140483,,,
150,288.02978458654957,,,
151,288.0421715283806,,,
152,288.14017440663224,,,
153,288.09459968319214,,,
154,288.4117051028366,,,
155,288.3916507633268,,,
156,288.0033277632263,,,
157,288.0783193504795,,,
158,288.38829318307654,,,
159,288.54331863327434,,,
160,288.36188990952786,,,
161,288.26508061637105,,,
162,288.38453152547305,,,
163,288.51965023619385,,,
164,288.78745908053963,,,
