,tas,rlut,rsut,rsdt
0,287.3465098843022,238.5864322714135,101.65311692900845,340.27084286407614
1,287.51002578079857,238.9474761994223,101.55660458657691,340.26004533041356
2,287.23419584757823,238.81073145687307,101.28831097275696,340.25898035325974
3,287.1913925157348,238.92339659196125,101.15463812164928,340.2394646272467
4,287.137883550048,238.4210482507464,101.5100032310561,340.21215237871337
5,287.2064343905022,238.6580819330568,101.56836825631171,340.1954026317063
6,287.08071604940505,238.36264078990408,101.44104900913368,340.19062553003994
7,287.4215365291323,238.71995663722421,101.69340491624143,340.2025392634692
8,287.43132038786024,238.98719712907993,101.64276793923692,340.2355709433169
9,287.1326743978704,238.59398605220426,101.3661530509378,340.26291055928385
10,287.0920463270338,238.46765803705762,101.10319506888372,340.2835130277574
11,287.26011621797016,238.5085032030394,101.74479584731527,340.2794993192946
12,287.3707714253912,238.21979539933668,102.47352562538946,340.2559043145331
13,287.5010869978114,238.87856836183926,101.7837335777902,340.24195007834686
14,287.19533075836307,238.8162563883437,101.04425221447356,340.2281184130523
15,286.9621644652416,238.44508167910843,100.76240410806183,340.21701956637816
16,287.19677098230017,238.21408754755842,101.27006575364891,340.2113046625452
17,287.5355742830239,238.78143546167303,101.49695452850848,340.2027345704953
18,287.5224641257941,238.8092827471453,101.42221331693844,340.22183296236517
19,287.26063788229646,238.82523156853304,101.19441468806235,340.2564890324658
20,287.2757933119988,238.29208001777957,101.65010518982434,340.2589156010392
21,287.5953217079471,238.7930487974347,101.77334101669875,340.28004911435977
22,287.5945344188306,238.70793389241183,101.34597364585214,340.2686598306254
23,287.3321979176383,238.7666685620554,101.3998715673078,340.250319198605
24,287.2435734884704,238.522015823973,101.25996434695305,340.2340860137509
25,287.1948965365659,238.92398777106754,101.12520279002824,340.2035515120435
26,287.24453099432475,238.66201206504516,101.05896386715212,340.1896787601763
27,287.3404400838169,238.33104863957908,101.38666930215668,340.1806934399379
28,287.50741335158153,238.27091593617408,101.87368559569126,340.1692987674192
29,287.45397064091406,238.855198094884,101.36744580283452,340.17174254019085
30,287.3789989892645,238.7670369066908,101.20639769414116,340.1989366078598
31,287.3790277669016,238.7865895656754,101.32142552492923,340.2368159279061
32,287.30079022893614,238.50659364972864,101.59016848087668,340.22859292416007
33,287.18298480836876,238.20810611258665,102.29485660935386,340.22272275695667
34,286.9723103667884,236.89350111506823,103.99835203929162,340.2682768358482
35,287.3166051019645,237.9195845945603,102.58605544877649,340.23967266054194
36,287.2804030966868,238.51279920525553,101.94846389664741,340.20826003505823
37,287.08725132687175,238.3922461143201,101.27518091744294,340.1881995287762
38,287.0165344162362,238.5184752227694,100.79190766313513,340.1803427895567
39,287.18070910461347,238.24738778815538,101.07935012835509,340.177555711027
40,287.3618563519943,238.20597489436696,101.67338843965818,340.1843534386108
41,287.59154912659955,238.93584570876763,101.76592783275579,340.2338933480045
42,287.3127943996889,238.79073719114913,101.39438833511319,340.27461554878545
43,287.257263212701,238.71912065136232,101.0232378124628,340.3068037545421
44,287.2776847315824,238.77826259405583,101.04672968682134,340.34574310364695
45,287.3547797276087,238.4444766813282,101.3957997891087,340.30933268229103
46,287.58538104535904,238.89419857414666,101.484403373892,340.25871556710194
47,287.548316864588,238.58697903899736,101.53669277118695,340.22695751075156
48,287.5374900631976,238.53304722584895,101.68582912436807,340.21186463149337
49,287.23187123558887,238.9772708044294,101.27976492228107,340.1940605062312
50,287.1612596850989,238.35402905757766,101.02287966988162,340.18355956352434
51,287.4449364533371,238.07819466847525,101.70919089837697,340.1658312077587
52,287.6163200333176,238.91571559560734,102.08451865313333,340.1700155456372
53,287.2198286863369,237.93275160607698,103.00265459336767,340.2059677502632
54,287.1143788545936,238.17312260913647,101.87496830306549,340.27077902587695
55,287.3391565484574,238.39037195955302,101.61985499072324,340.2417196234231
56,287.4115293304529,238.53545788843311,101.32359669610929,340.28949836967456
57,287.32509603762355,238.49798173557951,101.41969402471307,340.26261804306495
58,287.4731636303709,238.39556806978598,101.59368618752764,340.2795405746728
59,287.5311451359441,238.5155591633591,101.80398279612473,340.2468849760265
60,287.3394693854195,238.8179870555086,101.48419889691972,340.2224611043155
61,287.2880458840887,238.49778820732593,101.46060448311094,340.1873002791439
62,287.1610068312655,237.7188584037871,102.52801010359893,340.1737676126076
63,287.32513772992,237.86999320318375,102.34062461594021,340.1767846078546
64,287.5729134715853,238.55695502945866,101.81654260706057,340.20347887221163
65,287.47355260109435,238.5141973581946,101.52506352312612,340.28087485825
66,287.31312173750604,238.3979287749415,101.46904154877716,340.3437333931883
67,287.222759431728,238.19974247881453,101.69631518502005,340.38449603339035
68,287.24238732587406,238.41409496047694,101.23483621741134,340.3929642658555
69,287.3415378105845,238.33063203242887,101.48352461703776,340.328159576327
70,287.5215554611245,238.36487045202531,101.63552617313474,340.26838843065315
71,287.65559732128844,238.4049783193157,101.83985836606296,340.23090285213783
72,287.4237964206119,238.47873078035647,101.78428258517113,340.196599227898
73,287.20369294338064,238.3903119099889,101.40821849353482,340.1885972802923
74,287.28088309285164,237.8329398540751,101.32574046147097,340.20353209381676
75,287.5467983854517,238.16396172544046,101.93367854088372,340.24513042407506
76,287.7036752802805,238.6844801481021,101.85786136770663,340.300370095155
77,287.50011489287954,238.50296902568047,101.89279031656754,340.34663637410694
78,287.3109719497862,238.42333404494687,101.38392551912176,340.31629674591227
79,287.3629902648243,238.17563818478857,101.68175257127562,340.30098715170806
80,287.6141339937355,238.37635513562688,102.15983136963435,340.30165164999244
81,287.74380800776595,238.43140133697148,101.931787736211,340.25746376441947
82,287.49422019736056,238.6131113269054,101.67284851856067,340.2254896897864
83,287.3273501900323,238.31801977468763,101.37712300907589,340.21166743896003
84,287.2605404056354,238.15873512191556,101.47153772408205,340.22702813191785
85,287.25777000295903,238.05311527272258,101.69676438403759,340.2787982205702
86,287.44096443743746,237.92126709257423,102.24699048253974,340.39143540233465
87,287.55926209607213,238.24798706030273,102.24788037030469,340.39799067216654
88,287.35736295693704,238.36056387822407,101.71834298956266,340.37731996266564
89,287.1962411028293,238.21139481347612,101.49250023583635,340.3719152098658
90,287.47517236222143,237.88227039011704,101.94186582291759,340.3341460162884
91,287.719138002813,238.3454445639985,102.16500943912246,340.30323352788656
92,287.6198063072291,238.5241967425366,101.96165758217678,340.2668117628448
93,287.1638172455754,238.04401343077313,101.65466374620728,340.23038780753217
94,287.11045643776293,237.77140110263812,101.45149113952631,340.241036892105
95,287.2520610274657,237.54357248410747,101.65064135261049,340.3099772399543
96,287.57673902162,237.95919399643364,102.1479222979497,340.3421719384157
97,287.7327977645569,238.43541449447017,101.90858247379394,340.4313361979567
98,287.7993192707189,238.5431144227209,102.15643896103889,340.4621952806208
99,287.73601469173616,238.21750496987488,102.09549850277189,340.431809313912
100,287.4634880781484,238.32229166125103,101.9362138309266,340.36697793849754
101,287.3231304131106,237.9535895324494,101.64722380093133,340.28055203769185
102,287.44584626027046,237.8706131471513,101.54674826644066,340.2767375896055
103,287.6918331380162,238.0650135588603,102.21397082846863,340.25135367132617
104,287.7701538238154,238.37734976426438,102.39744781296041,340.2515642373665
105,287.4546529750776,238.2533274454238,102.16109274401087,340.30468769993814
106,287.32851543012123,237.84478860954252,101.70992346415589,340.4213187132936
107,287.40845592244983,237.98928246459934,101.8834958072376,340.5308501703247
108,287.7667130052051,238.40428134074136,102.13826372207761,340.54544388668864
109,287.7735919829969,238.56052906891122,101.98272761549127,340.48437632215513
110,287.43148544401953,238.3937289927056,101.64828491011035,340.44158780480603
111,287.38955943901857,237.74384764484918,101.98520583244748,340.34789882720946
112,287.54947170777575,237.87783365582155,102.1189171282643,340.282306758213
113,287.71417939988834,237.68169360554796,104.27079530644852,340.2599933130399
114,287.4655991181339,237.4416195905991,103.50652479473274,340.2496440419935
115,287.30484951736344,237.79735106450983,102.7747934681816,340.2553301499456
116,287.1871050008861,237.56806768720287,101.96869334684759,340.3050900652568
117,287.48094395156244,237.53148394645385,102.48641988998035,340.3676371542945
118,287.6235860029548,238.03000801578415,102.16244902226754,340.40009313074836
119,287.3767521838858,238.0219645676548,102.19399362416254,340.4056646131024
120,287.2967844565688,237.59471534053668,101.9930039344534,340.40886023417096
121,287.50771306946194,237.39771859400057,102.72307628589648,340.3538470479686
122,287.66978518325647,238.03969235475918,102.44756276935466,340.3501276729418
123,287.63240475761614,237.8388683645161,102.31975624513258,340.29393749734663
124,287.3810754246957,237.6218327240606,102.14536490494218,340.2663813684878
125,287.36376300869057,237.24479598388112,102.63463765009203,340.2669710180261
126,287.66037891170487,237.4823888067448,102.81891771316623,340.25791351496395
127,287.71025688562673,237.88279704088953,102.61467418465452,340.3164181862315
128,287.4355023564052,237.45800349592108,102.34337096567948,340.4060580678422
129,287.4214656437651,237.35135002322758,101.91022889512526,340.481812584404
130,287.7180826770578,237.48911481459638,102.55321846023291,340.46648272681307
131,287.9503413279183,237.78232032346673,102.58298810486947,340.47192171480236
132,287.68243822879333,237.2361832710403,103.08453772680366,340.3864912244353
133,287.44502343481844,236.72082735194272,103.5105161337976,340.38420122529396
134,287.50579598689336,237.1979174676245,102.89308937692086,340.28437262182746
135,287.6065385562477,237.01899304813836,102.58369188970893,340.2512033752343
136,287.67374160959656,237.11731192130367,102.99085115883848,340.25519572192997
137,287.7291349344152,237.1927412325006,102.66118074007197,340.27634686789975
138,287.5418787624182,237.00116151704125,102.59612362017008,340.3644202973589
139,287.78640407279096,237.04827052782875,102.95415324854963,340.48414085001866
140,287.7378999710374,237.02163739551398,102.6098948133378,340.4627696676112
141,287.6566591620876,236.53670341650727,104.06263472166081,340.45911352507807
142,287.68040202841246,235.74078360344174,105.63917936873884,340.4189237092106
143,287.7559681273605,236.49958238267928,104.31189563844471,340.3231212956402
144,287.50704403108534,236.65893387215485,103.02265014187397,340.2661554992413
145,287.43517990393264,236.30036629297453,102.42729078033966,340.2550609316375
146,287.62136740544787,236.19388468705097,102.69336622459132,340.2310441401972
147,288.0760180550872,237.17773123940364,102.7098303663145,340.26283182030863
148,288.15919865600733,236.84846850081888,102.84546231723317,340.3541724308664
149,287.9303191609389,237.05618337996802,102.7288656127003,340.42156158486455
150,287.8448136556938,236.6210941425086,102.69760672745967,340.47036659685745
151,287.9204906743901,236.92075106335946,102.79528371906018,340.4500537791203
152,288.07631946959975,237.168672325564,102.69599981124905,340.4610603610402
153,288.25053142826533,236.8865775084847,103.2587205268808,340.3415304984437
154,288.27798512473163,236.77322226122246,103.16336463836619,340.2887221658064
155,288.16406010411725,237.09012270594087,102.816109443804,340.2369210088807
156,287.9583274616455,236.75394490303208,102.57632822085692,340.22525981875333
157,287.8379604745218,236.37369627218501,102.53873221357077,340.2027092022948
158,288.08268104936803,236.51577552317073,102.80685326496017,340.1978566175147
159,288.3295253980136,237.01465851795942,102.74615230919733,340.19770089937185
160,287.99883290843127,236.9098426290453,102.49939420018082,340.2411471976662
161,287.93549827491427,236.3565862687312,102.61603862679904,340.30771958098234
162,288.03801942448126,236.73787110924593,102.42825834005811,340.33626953142743
163,288.43397009593826,237.1248653434069,102.67394288923579,340.35202927771314
164,288.50213031746597,237.1594866881112,102.66311137315508,340.3708843335882
