,tas,rlut,rsut,rsdt
0,287.73226009097465,,,
1,287.3246005133078,,,
2,287.02023894775056,,,
3,287.2952629070046,,,
4,287.40274207173815,,,
5,287.4338686268046,,,
6,287.2788286651585,,,
7,287.1567359473346,,,
8,287.2973033726581,,,
9,287.5638478334874,,,
10,287.52451375795005,,,
11,287.2004682397115,,,
12,287.0764393107316,,,
13,287.1721587403828,,,
14,287.39718331583725,,,
15,287.36572794795785,,,
16,287.36612015880036,,,
17,287.1926782430407,,,
18,287.35396903623763,,,
19,287.5679150471339,,,
20,287.5722035567594,,,
21,287.46621951088974,,,
22,287.43690557869064,,,
23,287.4784143558932,,,
24,287.34001188141656,,,
25,287.19512711761575,,,
26,287.4322756245749,,,
27,287.5287386428958,,,
28,287.5422215798116,,,
29,287.23954987334326,,,
30,287.06237437264264,,,
31,287.2444641379774,,,
32,287.3341896203719,,,
33,287.508344064315,,,
34,286.98922299716804,,,
35,287.04241734318003,,,
36,287.43705092501114,,,
37,287.22422906550156,,,
38,286.9717475809712,,,
39,287.0876697168537,,,
40,287.36738491838287,,,
41,287.4394014296937,,,
42,287.511401816217,,,
43,287.4099651844496,,,
44,287.35859829328894,,,
45,287.4760675473691,,,
46,287.50454475822727,,,
47,287.39093529147607,,,
48,287.3254943160989,,,
49,287.4383257180112,,,
50,287.44311025251426,,,
51,287.570063793686,,,
52,287.50437774110407,,,
53,287.14354737143657,,,
54,287.1621432690558,,,
55,287.1411641057358,,,
56,287.16803959289047,,,
57,287.58095684273746,,,
58,287.63991482634793,,,
59,287.32320063138405,,,
60,287.3335074643949,,,
61,287.5042644345477,,,
62,287.25272300955965,,,
63,287.16514725025564,,,
64,287.42193949413667,,,
65,287.32817323670196,,,
66,287.3141010792219,,,
67,287.34041549672094,,,
68,287.3996554453809,,,
69,287.5951444652118,,,
70,287.30866546412284,,,
71,287.1195466031681,,,
72,287.5017733321078,,,
73,287.54122672308085,,,
74,287.6091858627064,,,
75,287.1573819116739,,,
76,287.08539855509343,,,
77,287.24958035358765,,,
78,287.6044072148149,,,
79,287.70233134206387,,,
80,287.5873360643162,,,
81,287.4680502275657,,,
82,287.2789304526649,,,
83,287.4486220314435,,,
84,287.62637812608267,,,
85,287.66990574996527,,,
86,287.4485224667089,,,
87,287.43850177152626,,,
88,287.55428397958764,,,
89,287.7345575316277,,,
90,287.3392402882768,,,
91,287.22085019006397,,,
92,287.32022707737514,,,
93,287.6243834568118,,,
94,287.6914049139797,,,
95,287.4934796660803,,,
96,287.4156405308303,,,
97,287.5038862813584,,,
98,287.7608619427465,,,
99,287.8098407297963,,,
100,287.3537916157811,,,
101,287.35249930598474,,,
102,287.5544865822703,,,
103,287.6881378112527,,,
104,287.60470385560774,,,
105,287.3523712589039,,,
106,287.4156812956582,,,
107,287.5982171544764,,,
108,287.7958089620202,,,
109,287.5537406259937,,,
110,287.3533790816463,,,
111,287.46463508530366,,,
112,287.7197923636298,,,
113,287.4001237645951,,,
114,287.1862832528555,,,
115,287.23157534108526,,,
116,287.4667476530099,,,
117,287.3965504909392,,,
118,287.3302306587396,,,
119,287.44101308777675,,,
120,287.6357145008936,,,
121,287.7348899712237,,,
122,287.4122651261016,,,
123,287.42083434549,,,
124,287.7022951090281,,,
125,287.686107119501,,,
126,287.42442955111767,,,
127,287.40875059115433,,,
128,287.71384537605405,,,
129,287.8951206543048,,,
130,287.60573810600647,,,
131,287.4427805487399,,,
132,287.5020028061149,,,
133,287.5757995238759,,,
134,287.7116238085218,,,
135,287.4539110176582,,,
136,287.4411170613444,,,
137,287.4034344297474,,,
138,287.8021724855945,,,
139,287.9200112560664,,,
140,287.7080780002763,,,
141,287.5740586777004,,,
142,287.5943867303891,,,
143,287.7636229105735,,,
144,287.7628974944812,,,
145,287.635379659682,,,
146,287.68388438734075,,,
147,287.9183042258501,,,
148,288.1308369575625,,,
149,288.1334674155449,,,
150,287.7231753037342,,,
151,287.7232021430377,,,
152,288.0125002690252,,,
153,288.28279318458317,,,
154,287.89659655077816,,,
155,287.85501248087934,,,
156,288.0553043602578,,,
157,288.2908288065266,,,
158,288.29094514304757,,,
159,287.9368183500844,,,
160,287.8004609524157,,,
161,288.1791945387875,,,
162,288.4114572262334,,,
163,288.1548140486048,,,
164,288.07562224770703,,,
