,tas,rlut,rsut,rsdt
0,288.9644228682884,229.36411904267212,102.38518813189154,337.26077420210294
1,289.6186550184995,230.52995578069604,102.15307584887604,337.2607643674953
2,290.0169478727526,231.5029529820495,101.81960503737433,337.2607070413308
3,290.3594230977941,231.95632487114617,101.72149360229399,337.26065146544414
4,290.628541241195,232.1959456845847,101.72423482722463,337.26057317829395
5,290.75823817827944,232.51084834337132,101.53344911720068,337.2604485598942
6,290.9780022398731,233.01427676804144,101.47631969429234,337.2603113841402
7,291.0675623830293,233.0013218021653,101.11486044306741,337.26016371515635
8,291.21600505065624,233.276273315607,100.8630094320605,337.26004741756304
9,291.3237311829464,233.55784968177008,101.13745173679355,337.25996203657115
10,291.4424083849806,233.9803487398594,101.03978897103848,337.2598582895367
11,291.4255643330406,233.60692908866375,100.96707280796112,337.2597717806751
12,291.5333712498245,233.58568926117485,100.92404132486566,337.259705412949
13,291.5998229864552,233.9457629820853,101.03061480361369,337.2596604818113
14,291.5605948552986,233.90253956304062,101.08597827184417,337.2596212727314
15,291.5272190277474,233.75810285921114,101.47719999413268,337.2596069187046
16,291.4891948038366,233.71203520806156,101.36643716717943,337.2595678931246
17,291.60332119063327,234.3026673418201,100.74445444774369,337.2594921934596
18,291.62680977031374,234.15461313379475,101.12677235871672,337.25947665228244
19,291.6551186297179,234.1208715827513,101.17392569728759,337.25944141322844
20,291.7025008873696,233.88402701005032,100.88963746644008,337.2593923702056
21,291.86505270893264,234.16529414473834,101.13973845191494,337.2593811431954
22,291.8466872579817,234.511117726594,100.9321768240127,337.25934098832005
23,291.8777816749842,234.1457227140921,101.00649319582548,337.2593147825191
24,291.8525396939586,234.18793058727445,101.34119998511864,337.25931190200976
25,291.9560784344801,234.42475219435042,100.99870998173104,337.2592848349855
26,291.9909885428739,234.47294735889932,100.93344440048092,337.25927380669526
27,291.98730874466406,234.67973218016093,100.76771153949795,337.2592403120626
28,291.9388507661697,234.45153570468742,101.05085770069456,337.2592335858773
29,292.0367622682765,234.57701295785887,100.90448546709274,337.25919818195
30,292.05701348113934,234.48982991329004,100.63638899395767,337.2591562645164
31,292.08468510938854,234.3710198551937,100.77260110528981,337.2591440099391
32,292.1541847944853,234.76659377730712,100.7610017475086,337.2591416548909
33,292.1468582689931,234.73738401988734,100.84767742623943,337.2591446446973
34,292.23640002849845,234.80781510459585,100.52694930728342,337.259120712007
35,292.3117344502494,234.90631319142514,100.54088140472788,337.2591151849794
36,292.34429374087483,235.07748932488062,100.40757060441565,337.25909052257333
37,292.28742989145286,234.79930744002593,100.57585406232056,337.2590749132026
38,292.36847457277355,234.99050674874874,100.28475994463832,337.2590269862855
39,292.43927614890646,234.8454980815109,100.64570771519759,337.25903870142025
40,292.3765641250837,235.0502428030965,100.59547322615629,337.25903714759176
41,292.3344576186943,235.04803690257154,100.50735200133278,337.25901782696997
42,292.38652420696144,234.87250691914457,100.8910250984228,337.25903769681025
43,292.3830962845289,235.15713111711395,100.36658670426732,337.25901375943005
44,292.3122735728637,235.12923595213087,100.5333986877039,337.2590435403045
45,292.3445571093497,234.9999426495467,100.87293565681908,337.2591014388561
46,292.2888015278583,234.98632649806757,100.59179764986327,337.25913256413486
47,292.2689294324476,235.0360467548279,100.61873850463542,337.25917191436076
48,292.3284289169679,235.09312624602407,100.91689619737798,337.25921273687595
49,292.30245551060426,235.23573217613435,100.44929732510951,337.25920458925367
50,292.38968473796166,235.20934840011878,100.31690198244046,337.2591872066684
51,292.35490592242604,235.0486099070249,100.72999723385601,337.2591884227057
52,292.3742927790104,235.22329393329792,100.67795144871779,337.2591604437764
53,292.382313558887,235.1302793666686,100.50628736450669,337.25911889389107
54,292.4635405082857,235.35040982747478,100.11297085622067,337.2590710507181
55,292.38721034790825,235.09496105936935,100.862981034126,337.2590819231358
56,292.3813294032577,235.28850917805744,100.25698959781461,337.25902699835893
57,292.4566102335608,235.29882681604317,100.26133168468566,337.2590070736625
58,292.4460879735349,235.4002428921011,100.54952941622058,337.2590012850555
59,292.4290622521462,235.1703873459833,100.33363748113389,337.25896670141685
60,292.51532360146746,235.37578004117336,100.62755979416863,337.258968382922
61,292.44139012172406,235.20027491829418,100.54387669780937,337.25895956616114
62,292.44877053612316,235.07263243965986,100.50800573617703,337.2589612456176
63,292.5101793488097,235.2886002142711,100.37480827140553,337.2589695246075
64,292.5320793655697,235.55397130393712,100.08211749105028,337.25897432941775
65,292.56124787103295,235.423969889173,100.3546721859396,337.2590218780318
66,292.5658317968293,235.2899999120505,100.19243645158694,337.2590395497707
67,292.5606278599578,235.5963102684697,100.37769855564711,337.2590647142154
68,292.61046318475394,235.34090074742247,100.29592991647347,337.2590585162271
69,292.633155399682,235.4017185730036,100.237736254121,337.25903366971664
70,292.6803586685027,235.53456651567822,100.51067962974378,337.2590234304295
71,292.72036988018516,235.5522230413778,100.3690585279693,337.2590016480147
72,292.684923258932,235.58137891408785,100.55256413566559,337.2590029080667
73,292.7279273675457,235.49964247501848,100.06279098173741,337.2589539978778
74,292.67191530527793,235.695719306398,100.26044912580318,337.2589464525011
75,292.69542756315093,235.53137685380534,100.20527289511597,337.2589230078272
76,292.7230202715245,235.56940891018152,100.30317233393713,337.25891096902194
77,292.71662589893504,235.63317942746517,100.3401513117347,337.2588922164614
78,292.7233976256039,235.5279649064156,100.50749372645107,337.258893106618
79,292.8181956203993,235.71704172791735,100.24795066755468,337.2588710467829
80,292.7780181577978,235.8634326718659,99.94110666015041,337.25885061521416
81,292.73395410852544,235.93625573385592,100.14652535487481,337.2588806612158
82,292.6785670651581,235.58452584078816,100.54420344997932,337.2589292180275
83,292.5529828735299,235.39131854775965,100.47807253339812,337.25895984165845
84,292.73082487137737,235.71960985724274,100.18007534797665,337.2589811233465
85,292.71991571816557,235.46043018781768,100.25574770302747,337.2590061270753
86,292.7328584898385,235.7002546957799,100.37320244941428,337.25901242688747
87,292.8081462875992,236.0315563250118,100.21182865404076,337.2589895451352
88,292.6202392518888,235.46955574854977,100.64286909679033,337.258993020721
89,292.76032136065777,235.57829103214075,100.42598437684995,337.2589640789732
90,292.78101645935,235.83788114700496,100.36062662668796,337.25895460801877
91,292.71110849191206,235.64163488304243,100.58981121293651,337.25895735672776
92,292.8125419889514,235.65912997070473,100.2844438247667,337.2589352502578
93,292.7883624232035,235.8222623496288,100.3321716293437,337.25895234064564
94,292.84070849983294,235.9872108660344,100.06548818509323,337.25894808489596
95,292.71319906829746,235.8035446678115,100.2562541998396,337.25895102170784
96,292.7795658149535,235.60371058592852,100.49531429778848,337.2589417434651
97,292.7223594469069,235.69837501366703,100.3682034608142,337.25893737017554
98,292.8067703448906,235.71481041226374,100.38413576923502,337.2589516562812
99,292.7721940611889,235.83377843740587,99.89227863676359,337.2589349856967
100,292.84926391344885,235.97621846307823,100.21503482315863,337.25894974628505
101,292.86289391725956,235.85348847910623,100.43744701111945,337.2589451192537
102,292.8162978085875,235.57339733605866,100.201129553281,337.2589144701042
103,292.85947342288136,235.75565651368888,100.12806788547418,337.2589065103139
104,292.9086892248335,235.74987622517622,100.18761865405132,337.25892194753595
105,292.91746543212867,235.7533093781435,100.13171012234936,337.2589484764117
106,292.9476303629084,235.82644174962363,100.28995722933048,337.2589593797077
107,292.86321035943297,236.0064264455165,100.1765707592316,337.2589402788705
108,292.7871632235763,235.7613952378285,100.57442383134499,337.25894005920514
109,292.8479027397732,235.91895854382187,100.41724765439919,337.25891671370914
110,292.95594429791134,235.9990930445797,99.82623075770107,337.2588720343424
111,292.9163982637236,235.83728070014322,100.20324193421725,337.25888828035744
112,292.93837241721053,235.43413469464096,100.31191635312565,337.25888576581485
113,293.01296114358234,236.1171736711284,100.13980239997625,337.2588836188575
114,292.9334294720739,236.19108274817336,99.9713100535182,337.25887153633823
115,292.9995965624202,236.25656688006814,99.97085911479826,337.25884925009194
116,292.9786894851591,235.8916267917626,100.30981775361272,337.2588544894947
117,293.04654865845305,236.06769521984117,99.79411705155856,337.2588130999503
118,293.00766096045976,236.17272474295638,100.28963841702665,337.2588295959508
119,292.87811341299704,235.85289494468518,100.22287743097189,337.2588124939881
120,292.8799898536619,236.06596068615693,100.15654578898317,337.25881149525554
121,292.87623083730404,235.79140259292558,100.08273308141297,337.2588225542392
122,292.96976541217924,235.9765727039487,100.42973747288784,337.25887139522086
123,293.00141211047605,236.14318174185686,99.9674598265413,337.2588792566482
124,293.0131203855554,235.85347426866915,99.99829379333157,337.25890322327655
125,293.053607520422,236.06278557598284,100.22574815481185,337.25893509146925
126,293.00172638959384,235.99087534674857,100.08944405412092,337.258935037148
127,293.0885426023189,236.32869155178992,100.03770531354233,337.25893851579355
128,293.02898087371375,236.01673583588786,100.23101799949906,337.2589276910023
129,292.99803534332864,236.20085587634412,100.00718433065936,337.2588905596893
130,293.0122054298417,235.95794151813217,99.97773931472011,337.2588658190834
131,293.14675195181115,236.2417632223841,99.77884547159682,337.25883466937483
132,293.1465909205028,236.4652991885274,99.7952503896301,337.2588140899983
133,293.1319544611884,236.3903454089923,99.98376237177246,337.2588094282509
134,293.11379040369906,236.13773561899438,99.97115880817744,337.2587896137948
135,293.1022727747656,236.1232208003746,100.43159885466798,337.2587998903674
136,293.0197784625409,236.14421564984514,99.90206286805737,337.2587573999111
137,293.06930031325334,235.98305954652744,100.04889695360775,337.25876512383917
138,293.0588531795037,236.35682387073822,99.85600927782248,337.258776867991
139,293.05262222161696,236.33573582928477,100.05587730007528,337.25880547970417
140,293.0263476034884,236.2943771739225,100.0404414777049,337.2588260572375
141,293.02281938955804,236.06103606157694,100.18856426039555,337.25884864618286
142,293.1202277233688,236.23665809581226,99.62159609171175,337.2588325939341
143,293.20586509494194,236.52202672748933,99.65893894458554,337.258853528407
144,293.11220777455304,236.5414840717068,99.72807290831683,337.25887994708813
145,293.106505968771,236.066085042321,99.68839248589927,337.25886316892814
146,293.0876557733642,236.02237872996037,100.05975664656641,337.2588627514256
147,293.149198869594,236.58293756284914,99.66312604345995,337.2588140628199
148,293.156270103379,236.31925104302454,99.93496949491805,337.258804564425
149,293.22242435795766,236.38769561286156,99.72637250781302,337.25876690819956
150,293.1297790518251,236.3104404265127,99.99219327217891,337.2587727682978
