,tas,rlut,rsut,rsdt
0,287.93038418587065,,,
1,288.03977772644924,,,
2,288.17131906288904,,,
3,288.06512858727604,,,
4,288.152591551658,,,
5,288.1104762195635,,,
6,288.0888548680851,,,
7,288.1004324700533,,,
8,288.2963749279165,,,
9,288.3846785005719,,,
10,288.4103701031527,,,
11,288.3251729291172,,,
12,288.2697065310132,,,
13,288.3070360121904,,,
14,288.44372126122363,,,
15,288.4073740055831,,,
16,288.3323650047685,,,
17,288.39115039363156,,,
18,288.4149017215366,,,
19,288.58234639358096,,,
20,288.50197098493175,,,
21,288.623319315121,,,
22,288.81210318304824,,,
23,288.8552204386894,,,
24,288.81911651559574,,,
25,288.83417891810024,,,
26,288.8265003742432,,,
27,289.031513844208,,,
28,289.1129995390325,,,
29,289.18588074843564,,,
30,289.28607334742986,,,
31,289.05181723840343,,,
32,289.17589424389297,,,
33,289.3161559316052,,,
34,289.3523386506501,,,
35,289.1232181720653,,,
36,289.2596373188468,,,
37,289.54058499809565,,,
38,289.481082113127,,,
39,289.75287390211986,,,
40,289.4738757738276,,,
41,289.3648572329519,,,
42,289.61517233421483,,,
43,289.422759751335,,,
44,289.5753496926028,,,
45,289.5411738559172,,,
46,289.6521898634399,,,
47,289.80765282797137,,,
48,289.7569524049228,,,
49,289.79399076478825,,,
50,289.81205540676643,,,
51,289.61306126910233,,,
52,289.8668167886392,,,
53,289.9431668431977,,,
54,289.9078143105367,,,
55,289.96503146095176,,,
56,290.07708451607186,,,
57,289.9817366877034,,,
58,290.07630433310794,,,
59,290.0128580205124,,,
60,290.04369558247504,,,
61,290.2650605618677,,,
62,290.14701442266346,,,
63,290.1152638196582,,,
64,290.23486108481933,,,
65,290.26031990848406,,,
66,290.3128405757152,,,
67,290.21050009865274,,,
68,290.2999407034161,,,
69,290.3133376153033,,,
70,290.19979784558706,,,
71,290.2370394703822,,,
72,290.42271572269425,,,
73,290.4328847374563,,,
74,290.31500230269086,,,
75,290.3544035078357,,,
76,290.4925632300314,,,
77,290.65858420266505,,,
78,290.4438935704501,,,
79,290.49941724803097,,,
80,290.37898682331183,,,
81,290.4581692845713,,,
82,290.43105089827384,,,
83,290.5318234322334,,,
84,290.4858686997439,,,
85,290.5559752622286,,,
